<EcalTBWeights>
<EcalWeightGroups>
  <EcalCondHeader>
    <method>method</method>
    <version>V0</version>
    <datasource>data</datasource>
    <since>341</since>
    <tag>cmsecaltag</tag>
    <date>Oct 09 2009</date>
  </EcalCondHeader>
  <EcalTBWeight>
    <EcalXtalGroupId>1</EcalXtalGroupId>
    <EcalTDCId>1</EcalTDCId>
    <EcalWeightSet>
      <WeightBeforeSwitch>
        <row id="0">  -0.3812788  -0.3812788  -0.3812788  0  0.235699  0.4228363  0.3298652  0.1575187  -0.002082776  0 </row>
        <row id="1">  0.305792  0.305792  0.305792  0  0.01323796  -0.07549743  -0.03141308  0.05030892  0.1259876  0 </row>
        <row id="2">  0  0  0  0  0  0  0  0  0  0 </row>
      </WeightBeforeSwitch>
      <WeightAfterSwitch>
        <row id="0">  0  0  0  0  0  1  0  0  0  0 </row>
        <row id="1">  0  0  0  0  0  0  0  0  0  0 </row>
        <row id="2">  0  0  0  0  0  0  0  0  0  0 </row>
      </WeightAfterSwitch>
      <Chi2WeightBeforeSwitch>
        <row id="0">  0.694208  -0.305792  -0.305792  0  -0.01323796  0.07549743  0.03141308  -0.05030892  -0.1259876  0 </row>
        <row id="1">  -0.305792  0.694208  -0.305792  0  -0.01323796  0.07549743  0.03141308  -0.05030892  -0.1259876  0 </row>
        <row id="2">  -0.305792  -0.305792  0.694208  0  -0.01323796  0.07549743  0.03141308  -0.05030892  -0.1259876  0 </row>
        <row id="3">  0  0  0  0  0  0  0  0  0  0 </row>
        <row id="4">  -0.01323796  -0.01323796  -0.01323796  0  0.8059109  -0.2489435  -0.2216915  -0.1711725  -0.1243895  0 </row>
        <row id="5">  0.07549743  0.07549743  0.07549743  0  -0.2489435  0.6526494  -0.2984613  -0.207832  -0.1239048  0 </row>
        <row id="6">  0.03141308  0.03141308  0.03141308  0  -0.2216915  -0.2984613  0.7396785  -0.1896194  -0.1241456  0 </row>
        <row id="7">  -0.05030892  -0.05030892  -0.05030892  0  -0.1711725  -0.207832  -0.1896194  0.8441427  -0.124592  0 </row>
        <row id="8">  -0.1259876  -0.1259876  -0.1259876  0  -0.1243895  -0.1239048  -0.1241456  -0.124592  0.8749946  0 </row>
        <row id="9">  0  0  0  0  0  0  0  0  0  0 </row>
      </Chi2WeightBeforeSwitch>
      <Chi2WeightAfterSwitch>
        <row id="0">  0.694208  -0.305792  -0.305792  0  -0.01323796  0.07549743  0.03141308  -0.05030892  -0.1259876  0 </row>
        <row id="1">  -0.305792  0.694208  -0.305792  0  -0.01323796  0.07549743  0.03141308  -0.05030892  -0.1259876  0 </row>
        <row id="2">  -0.305792  -0.305792  0.694208  0  -0.01323796  0.07549743  0.03141308  -0.05030892  -0.1259876  0 </row>
        <row id="3">  0  0  0  0  0  0  0  0  0  0 </row>
        <row id="4">  -0.01323796  -0.01323796  -0.01323796  0  0.8059109  -0.2489435  -0.2216915  -0.1711725  -0.1243895  0 </row>
        <row id="5">  0.07549743  0.07549743  0.07549743  0  -0.2489435  0.6526494  -0.2984613  -0.207832  -0.1239048  0 </row>
        <row id="6">  0.03141308  0.03141308  0.03141308  0  -0.2216915  -0.2984613  0.7396785  -0.1896194  -0.1241456  0 </row>
        <row id="7">  -0.05030892  -0.05030892  -0.05030892  0  -0.1711725  -0.207832  -0.1896194  0.8441427  -0.124592  0 </row>
        <row id="8">  -0.1259876  -0.1259876  -0.1259876  0  -0.1243895  -0.1239048  -0.1241456  -0.124592  0.8749946  0 </row>
        <row id="9">  0  0  0  0  0  0  0  0  0  0 </row>
      </Chi2WeightAfterSwitch>
    </EcalWeightSet>
  </EcalTBWeight>
  <EcalTBWeight>
    <EcalXtalGroupId>2</EcalXtalGroupId>
    <EcalTDCId>1</EcalTDCId>
    <EcalWeightSet>
      <WeightBeforeSwitch>
        <row id="0">  -0.3814865  -0.3814865  -0.3814865  0  0.2253831  0.4154295  0.3316178  0.1636951  0.008333987  0 </row>
        <row id="1">  0.307643  0.307643  0.307643  0  0.01709409  -0.07389379  -0.03376753  0.04662824  0.12101  0 </row>
        <row id="2">  0  0  0  0  0  0  0  0  0  0 </row>
      </WeightBeforeSwitch>
      <WeightAfterSwitch>
        <row id="0">  0  0  0  0  0  1  0  0  0  0 </row>
        <row id="1">  0  0  0  0  0  0  0  0  0  0 </row>
        <row id="2">  0  0  0  0  0  0  0  0  0  0 </row>
      </WeightAfterSwitch>
            <Chi2WeightBeforeSwitch>
        <row id="0">  0.692357  -0.307643  -0.307643  0  -0.01709409  0.07389379  0.03376753  -0.04662824  -0.12101  0 </row>
        <row id="1">  -0.307643  0.692357  -0.307643  0  -0.01709409  0.07389379  0.03376753  -0.04662824  -0.12101  0 </row>
        <row id="2">  -0.307643  -0.307643  0.692357  0  -0.01709409  0.07389379  0.03376753  -0.04662824  -0.12101  0 </row>
        <row id="3">  0  0  0  0  0  0  0  0  0  0 </row>
        <row id="4">  -0.01709409  -0.01709409  -0.01709409  0  0.8112489  -0.2425069  -0.2188002  -0.1713022  -0.1273573  0 </row>
        <row id="5">  0.07389379  0.07389379  0.07389379  0  -0.2425069  0.6584095  -0.297894  -0.2103449  -0.1293451  0 </row>
        <row id="6">  0.03376753  0.03376753  0.03376753  0  -0.2188002  -0.297894  0.7369869  -0.1931268  -0.1284684  0 </row>
        <row id="7">  -0.04662824  -0.04662824  -0.04662824  0  -0.1713022  -0.2103449  -0.1931268  0.8413708  -0.1267121  0 </row>
        <row id="8">  -0.12101  -0.12101  -0.12101  0  -0.1273573  -0.1293451  -0.1284684  -0.1267121  0.8749128  0 </row>
        <row id="9">  0  0  0  0  0  0  0  0  0  0 </row>
      </Chi2WeightBeforeSwitch>
      <Chi2WeightAfterSwitch>
        <row id="0">  0.692357  -0.307643  -0.307643  0  -0.01709409  0.07389379  0.03376753  -0.04662824  -0.12101  0 </row>
        <row id="1">  -0.307643  0.692357  -0.307643  0  -0.01709409  0.07389379  0.03376753  -0.04662824  -0.12101  0 </row>
        <row id="2">  -0.307643  -0.307643  0.692357  0  -0.01709409  0.07389379  0.03376753  -0.04662824  -0.12101  0 </row>
        <row id="3">  0  0  0  0  0  0  0  0  0  0 </row>
        <row id="4">  -0.01709409  -0.01709409  -0.01709409  0  0.8112489  -0.2425069  -0.2188002  -0.1713022  -0.1273573  0 </row>
        <row id="5">  0.07389379  0.07389379  0.07389379  0  -0.2425069  0.6584095  -0.297894  -0.2103449  -0.1293451  0 </row>
        <row id="6">  0.03376753  0.03376753  0.03376753  0  -0.2188002  -0.297894  0.7369869  -0.1931268  -0.1284684  0 </row>
        <row id="7">  -0.04662824  -0.04662824  -0.04662824  0  -0.1713022  -0.2103449  -0.1931268  0.8413708  -0.1267121  0 </row>
        <row id="8">  -0.12101  -0.12101  -0.12101  0  -0.1273573  -0.1293451  -0.1284684  -0.1267121  0.8749128  0 </row>
        <row id="9">  0  0  0  0  0  0  0  0  0  0 </row>
      </Chi2WeightAfterSwitch>
    </EcalWeightSet>
  </EcalTBWeight>
</EcalTBWeights>
