<EcalTBWeights>
<EcalWeightGroups>
  <EcalCondHeader>
    <method>method</method>
    <version>V0</version>
    <datasource>data</datasource>
    <since>341</since>
    <tag>cmsecaltag</tag>
    <date>Oct 09 2009</date>
  </EcalCondHeader>
  <EcalTBWeight>
    <EcalXtalGroupId>1</EcalXtalGroupId>
    <EcalTDCId>1</EcalTDCId>
    <EcalWeightSet>
      <WeightBeforeSwitch>
        <row id="0">  -0.3825895  -0.3825895  -0.3825895  0  0.2137568  0.4242338  0.3388848  0.1663618  0.004531481  0 </row>
        <row id="1">  0.3063072  0.3063072  0.3063072  0  0.02370179  -0.07604216  -0.03559571  0.04616201  0.1228526  0 </row>
        <row id="2">  0  0  0  0  0  0  0  0  0  0 </row>
      </WeightBeforeSwitch>
      <WeightAfterSwitch>
        <row id="0">  0  0  0  0  0  1  0  0  0  0 </row>
        <row id="1">  0  0  0  0  0  0  0  0  0  0 </row>
        <row id="2">  0  0  0  0  0  0  0  0  0  0 </row>
      </WeightAfterSwitch>
      <Chi2WeightBeforeSwitch>
        <row id="0">  0.6936928  -0.3063072  -0.3063072  0  -0.02370179  0.07604216  0.03559571  -0.04616201  -0.1228526  0 </row>
        <row id="1">  -0.3063072  0.6936928  -0.3063072  0  -0.02370179  0.07604216  0.03559571  -0.04616201  -0.1228526  0 </row>
        <row id="2">  -0.3063072  -0.3063072  0.6936928  0  -0.02370179  0.07604216  0.03559571  -0.04616201  -0.1228526  0 </row>
        <row id="3">  0  0  0  0  0  0  0  0  0  0 </row>
        <row id="4">  -0.02370179  -0.02370179  -0.02370179  0  0.8184036  -0.2373244  -0.2147265  -0.1690476  -0.1261998  0 </row>
        <row id="5">  0.07604216  0.07604216  0.07604216  0  -0.2373244  0.6520747  -0.3030763  -0.2124194  -0.1273812  0 </row>
        <row id="6">  0.03559571  0.03559571  0.03559571  0  -0.2147265  -0.3030763  0.7327498  -0.194832  -0.1269021  0 </row>
        <row id="7">  -0.04616201  -0.04616201  -0.04616201  0  -0.1690476  -0.2124194  -0.194832  0.8407188  -0.1259338  0 </row>
        <row id="8">  -0.1228526  -0.1228526  -0.1228526  0  -0.1261998  -0.1273812  -0.1269021  -0.1259338  0.8749746  0 </row>
        <row id="9">  0  0  0  0  0  0  0  0  0  0 </row>
      </Chi2WeightBeforeSwitch>
      <Chi2WeightAfterSwitch>
        <row id="0">  0.6936928  -0.3063072  -0.3063072  0  -0.02370179  0.07604216  0.03559571  -0.04616201  -0.1228526  0 </row>
        <row id="1">  -0.3063072  0.6936928  -0.3063072  0  -0.02370179  0.07604216  0.03559571  -0.04616201  -0.1228526  0 </row>
        <row id="2">  -0.3063072  -0.3063072  0.6936928  0  -0.02370179  0.07604216  0.03559571  -0.04616201  -0.1228526  0 </row>
        <row id="3">  0  0  0  0  0  0  0  0  0  0 </row>
        <row id="4">  -0.02370179  -0.02370179  -0.02370179  0  0.8184036  -0.2373244  -0.2147265  -0.1690476  -0.1261998  0 </row>
        <row id="5">  0.07604216  0.07604216  0.07604216  0  -0.2373244  0.6520747  -0.3030763  -0.2124194  -0.1273812  0 </row>
        <row id="6">  0.03559571  0.03559571  0.03559571  0  -0.2147265  -0.3030763  0.7327498  -0.194832  -0.1269021  0 </row>
        <row id="7">  -0.04616201  -0.04616201  -0.04616201  0  -0.1690476  -0.2124194  -0.194832  0.8407188  -0.1259338  0 </row>
        <row id="8">  -0.1228526  -0.1228526  -0.1228526  0  -0.1261998  -0.1273812  -0.1269021  -0.1259338  0.8749746  0 </row>
        <row id="9">  0  0  0  0  0  0  0  0  0  0 </row>
      </Chi2WeightAfterSwitch>
    </EcalWeightSet>
  </EcalTBWeight>
  <EcalTBWeight>
    <EcalXtalGroupId>2</EcalXtalGroupId>
    <EcalTDCId>1</EcalTDCId>
    <EcalWeightSet>
      <WeightBeforeSwitch>
        <row id="0">  -0.3827567  -0.3827567  -0.3827567  0  0.2098896  0.4146122  0.3376998  0.1710632  0.01500523  0 </row>
        <row id="1">  0.3083589  0.3083589  0.3083589  0  0.02445273  -0.07361926  -0.03677454  0.04305246  0.1178118  0 </row>
        <row id="2">  0  0  0  0  0  0  0  0  0  0 </row>
      </WeightBeforeSwitch>
      <WeightAfterSwitch>
        <row id="0">  0  0  0  0  0  1  0  0  0  0 </row>
        <row id="1">  0  0  0  0  0  0  0  0  0  0 </row>
        <row id="2">  0  0  0  0  0  0  0  0  0  0 </row>
      </WeightAfterSwitch>
            <Chi2WeightBeforeSwitch>
        <row id="0">  0.6916411  -0.3083589  -0.3083589  0  -0.02445273  0.07361926  0.03677454  -0.04305246  -0.1178118  0 </row>
        <row id="1">  -0.3083589  0.6916411  -0.3083589  0  -0.02445273  0.07361926  0.03677454  -0.04305246  -0.1178118  0 </row>
        <row id="2">  -0.3083589  -0.3083589  0.6916411  0  -0.02445273  0.07361926  0.03677454  -0.04305246  -0.1178118  0 </row>
        <row id="3">  0  0  0  0  0  0  0  0  0  0 </row>
        <row id="4">  -0.02445273  -0.02445273  -0.02445273  0  0.8198636  -0.2339155  -0.2137112  -0.169937  -0.1289418  0 </row>
        <row id="5">  0.07361926  0.07361926  0.07361926  0  -0.2339155  0.6598504  -0.3002385  -0.2137677  -0.1327865  0 </row>
        <row id="6">  0.03677454  0.03677454  0.03677454  0  -0.2137112  -0.3002385  0.732269  -0.1973009  -0.1313421  0 </row>
        <row id="7">  -0.04305246  -0.04305246  -0.04305246  0  -0.169937  -0.2137677  -0.1973009  0.8383757  -0.1282126  0 </row>
        <row id="8">  -0.1178118  -0.1178118  -0.1178118  0  -0.1289418  -0.1327865  -0.1313421  -0.1282126  0.8747182  0 </row>
        <row id="9">  0  0  0  0  0  0  0  0  0  0 </row>
      </Chi2WeightBeforeSwitch>
      <Chi2WeightAfterSwitch>
        <row id="0">  0.6916411  -0.3083589  -0.3083589  0  -0.02445273  0.07361926  0.03677454  -0.04305246  -0.1178118  0 </row>
        <row id="1">  -0.3083589  0.6916411  -0.3083589  0  -0.02445273  0.07361926  0.03677454  -0.04305246  -0.1178118  0 </row>
        <row id="2">  -0.3083589  -0.3083589  0.6916411  0  -0.02445273  0.07361926  0.03677454  -0.04305246  -0.1178118  0 </row>
        <row id="3">  0  0  0  0  0  0  0  0  0  0 </row>
        <row id="4">  -0.02445273  -0.02445273  -0.02445273  0  0.8198636  -0.2339155  -0.2137112  -0.169937  -0.1289418  0 </row>
        <row id="5">  0.07361926  0.07361926  0.07361926  0  -0.2339155  0.6598504  -0.3002385  -0.2137677  -0.1327865  0 </row>
        <row id="6">  0.03677454  0.03677454  0.03677454  0  -0.2137112  -0.3002385  0.732269  -0.1973009  -0.1313421  0 </row>
        <row id="7">  -0.04305246  -0.04305246  -0.04305246  0  -0.169937  -0.2137677  -0.1973009  0.8383757  -0.1282126  0 </row>
        <row id="8">  -0.1178118  -0.1178118  -0.1178118  0  -0.1289418  -0.1327865  -0.1313421  -0.1282126  0.8747182  0 </row>
        <row id="9">  0  0  0  0  0  0  0  0  0  0 </row>
      </Chi2WeightAfterSwitch>
    </EcalWeightSet>
  </EcalTBWeight>
</EcalTBWeights>
