<EcalTBWeights>
<EcalWeightGroups>
  <EcalCondHeader>
    <method>method</method>
    <version>V0</version>
    <datasource>data</datasource>
    <since>341</since>
    <tag>cmsecaltag</tag>
    <date>Oct 09 2009</date>
  </EcalCondHeader>
  <EcalTBWeight>
    <EcalXtalGroupId>1</EcalXtalGroupId>
    <EcalTDCId>1</EcalTDCId>
    <EcalWeightSet>
      <WeightBeforeSwitch>
        <row id="0">  -0.3804191  -0.3804191  -0.3804191  0  0.06268993  0.4275638  0.3860119  0.2176873  0.04730432  0 </row>
        <row id="1">  0.3015879  0.3015879  0.3015879  0  0.09589976  -0.07347221  -0.05418408  0.02395103  0.1030417  0 </row>
        <row id="2">  0  0  0  0  0  0  0  0  0  0 </row>
      </WeightBeforeSwitch>
      <WeightAfterSwitch>
        <row id="0">  0  0  0  0  0  1  0  0  0  0 </row>
        <row id="1">  0  0  0  0  0  0  0  0  0  0 </row>
        <row id="2">  0  0  0  0  0  0  0  0  0  0 </row>
      </WeightAfterSwitch>
      <Chi2WeightBeforeSwitch>
        <row id="0">  0.6984121  -0.3015879  -0.3015879  0  -0.09589976  0.07347221  0.05418408  -0.02395103  -0.1030417  0 </row>
        <row id="1">  -0.3015879  0.6984121  -0.3015879  0  -0.09589976  0.07347221  0.05418408  -0.02395103  -0.1030417  0 </row>
        <row id="2">  -0.3015879  -0.3015879  0.6984121  0  -0.09589976  0.07347221  0.05418408  -0.02395103  -0.1030417  0 </row>
        <row id="3">  0  0  0  0  0  0  0  0  0  0 </row>
        <row id="4">  -0.09589976  -0.09589976  -0.09589976  0  0.8702045  -0.1577066  -0.1545281  -0.141652  -0.1286186  0 </row>
        <row id="5">  0.07347221  0.07347221  0.07347221  0  -0.1577066  0.6519314  -0.3263901  -0.2385718  -0.1496796  0 </row>
        <row id="6">  0.05418408  0.05418408  0.05418408  0  -0.1545281  -0.3263901  0.6931816  -0.2275346  -0.1472812  0 </row>
        <row id="7">  -0.02395103  -0.02395103  -0.02395103  0  -0.141652  -0.2385718  -0.2275346  0.8171767  -0.1375652  0 </row>
        <row id="8">  -0.1030417  -0.1030417  -0.1030417  0  -0.1286186  -0.1496796  -0.1472812  -0.1375652  0.8722695  0 </row>
        <row id="9">  0  0  0  0  0  0  0  0  0  0 </row>
      </Chi2WeightBeforeSwitch>
      <Chi2WeightAfterSwitch>
        <row id="0">  0.6984121  -0.3015879  -0.3015879  0  -0.09589976  0.07347221  0.05418408  -0.02395103  -0.1030417  0 </row>
        <row id="1">  -0.3015879  0.6984121  -0.3015879  0  -0.09589976  0.07347221  0.05418408  -0.02395103  -0.1030417  0 </row>
        <row id="2">  -0.3015879  -0.3015879  0.6984121  0  -0.09589976  0.07347221  0.05418408  -0.02395103  -0.1030417  0 </row>
        <row id="3">  0  0  0  0  0  0  0  0  0  0 </row>
        <row id="4">  -0.09589976  -0.09589976  -0.09589976  0  0.8702045  -0.1577066  -0.1545281  -0.141652  -0.1286186  0 </row>
        <row id="5">  0.07347221  0.07347221  0.07347221  0  -0.1577066  0.6519314  -0.3263901  -0.2385718  -0.1496796  0 </row>
        <row id="6">  0.05418408  0.05418408  0.05418408  0  -0.1545281  -0.3263901  0.6931816  -0.2275346  -0.1472812  0 </row>
        <row id="7">  -0.02395103  -0.02395103  -0.02395103  0  -0.141652  -0.2385718  -0.2275346  0.8171767  -0.1375652  0 </row>
        <row id="8">  -0.1030417  -0.1030417  -0.1030417  0  -0.1286186  -0.1496796  -0.1472812  -0.1375652  0.8722695  0 </row>
        <row id="9">  0  0  0  0  0  0  0  0  0  0 </row>
      </Chi2WeightAfterSwitch>
    </EcalWeightSet>
  </EcalTBWeight>
  <EcalTBWeight>
    <EcalXtalGroupId>2</EcalXtalGroupId>
    <EcalTDCId>1</EcalTDCId>
    <EcalWeightSet>
      <WeightBeforeSwitch>
        <row id="0">  -0.3837089  -0.3837089  -0.3837089  0  0.1034923  0.4048761  0.3750507  0.2167954  0.05091213  0 </row>
        <row id="1">  0.3075374  0.3075374  0.3075374  0  0.07576679  -0.06760704  -0.05341855  0.02186644  0.1007802  0 </row>
        <row id="2">  0  0  0  0  0  0  0  0  0  0 </row>
      </WeightBeforeSwitch>
      <WeightAfterSwitch>
        <row id="0">  0  0  0  0  0  1  0  0  0  0 </row>
        <row id="1">  0  0  0  0  0  0  0  0  0  0 </row>
        <row id="2">  0  0  0  0  0  0  0  0  0  0 </row>
      </WeightAfterSwitch>
            <Chi2WeightBeforeSwitch>
        <row id="0">  0.6924626  -0.3075374  -0.3075374  0  -0.07576679  0.06760704  0.05341855  -0.02186644  -0.1007802  0 </row>
        <row id="1">  -0.3075374  0.6924626  -0.3075374  0  -0.07576679  0.06760704  0.05341855  -0.02186644  -0.1007802  0 </row>
        <row id="2">  -0.3075374  -0.3075374  0.6924626  0  -0.07576679  0.06760704  0.05341855  -0.02186644  -0.1007802  0 </row>
        <row id="3">  0  0  0  0  0  0  0  0  0  0 </row>
        <row id="4">  -0.07576679  -0.07576679  -0.07576679  0  0.861721  -0.1769492  -0.1731223  -0.1528167  -0.1315325  0 </row>
        <row id="5">  0.06760704  0.06760704  0.06760704  0  -0.1769492  0.6717678  -0.313261  -0.2338229  -0.1505559  0 </row>
        <row id="6">  0.05341855  0.05341855  0.05341855  0  -0.1731223  -0.313261  0.7006074  -0.2258064  -0.1486733  0 </row>
        <row id="7">  -0.02186644  -0.02186644  -0.02186644  0  -0.1528167  -0.2338229  -0.2258064  0.8167296  -0.1386842  0 </row>
        <row id="8">  -0.1007802  -0.1007802  -0.1007802  0  -0.1315325  -0.1505559  -0.1486733  -0.1386842  0.8717864  0 </row>
        <row id="9">  0  0  0  0  0  0  0  0  0  0 </row>
      </Chi2WeightBeforeSwitch>
      <Chi2WeightAfterSwitch>
        <row id="0">  0.6924626  -0.3075374  -0.3075374  0  -0.07576679  0.06760704  0.05341855  -0.02186644  -0.1007802  0 </row>
        <row id="1">  -0.3075374  0.6924626  -0.3075374  0  -0.07576679  0.06760704  0.05341855  -0.02186644  -0.1007802  0 </row>
        <row id="2">  -0.3075374  -0.3075374  0.6924626  0  -0.07576679  0.06760704  0.05341855  -0.02186644  -0.1007802  0 </row>
        <row id="3">  0  0  0  0  0  0  0  0  0  0 </row>
        <row id="4">  -0.07576679  -0.07576679  -0.07576679  0  0.861721  -0.1769492  -0.1731223  -0.1528167  -0.1315325  0 </row>
        <row id="5">  0.06760704  0.06760704  0.06760704  0  -0.1769492  0.6717678  -0.313261  -0.2338229  -0.1505559  0 </row>
        <row id="6">  0.05341855  0.05341855  0.05341855  0  -0.1731223  -0.313261  0.7006074  -0.2258064  -0.1486733  0 </row>
        <row id="7">  -0.02186644  -0.02186644  -0.02186644  0  -0.1528167  -0.2338229  -0.2258064  0.8167296  -0.1386842  0 </row>
        <row id="8">  -0.1007802  -0.1007802  -0.1007802  0  -0.1315325  -0.1505559  -0.1486733  -0.1386842  0.8717864  0 </row>
        <row id="9">  0  0  0  0  0  0  0  0  0  0 </row>
      </Chi2WeightAfterSwitch>
    </EcalWeightSet>
  </EcalTBWeight>
</EcalTBWeights>
