<EcalTBWeights>
<EcalWeightGroups>
  <EcalCondHeader>
    <method>method</method>
    <version>V0</version>
    <datasource>data</datasource>
    <since>341</since>
    <tag>cmsecaltag</tag>
    <date>Oct 09 2009</date>
  </EcalCondHeader>
  <EcalTBWeight>
    <EcalXtalGroupId>1</EcalXtalGroupId>
    <EcalTDCId>1</EcalTDCId>
    <EcalWeightSet>
      <WeightBeforeSwitch>
        <row id="0">  -0.3605403  -0.3605403  -0.3605403  0  -0.06752773  0.4102221  0.4057551  0.2514168  0.08175464  0 </row>
        <row id="1">  0.2880284  0.2880284  0.2880284  0  0.1555346  -0.06049341  -0.05847354  0.01131486  0.08803235  0 </row>
        <row id="2">  0  0  0  0  0  0  0  0  0  0 </row>
      </WeightBeforeSwitch>
      <WeightAfterSwitch>
        <row id="0">  0  0  0  0  0  1  0  0  0  0 </row>
        <row id="1">  0  0  0  0  0  0  0  0  0  0 </row>
        <row id="2">  0  0  0  0  0  0  0  0  0  0 </row>
      </WeightAfterSwitch>
      <Chi2WeightBeforeSwitch>
        <row id="0">  0.7119716  -0.2880284  -0.2880284  0  -0.1555346  0.06049341  0.05847354  -0.01131486  -0.08803235  0 </row>
        <row id="1">  -0.2880284  0.7119716  -0.2880284  0  -0.1555346  0.06049341  0.05847354  -0.01131486  -0.08803235  0 </row>
        <row id="2">  -0.2880284  -0.2880284  0.7119716  0  -0.1555346  0.06049341  0.05847354  -0.01131486  -0.08803235  0 </row>
        <row id="3">  0  0  0  0  0  0  0  0  0  0 </row>
        <row id="4">  -0.1555346  -0.1555346  -0.1555346  0  0.869281  -0.09025784  -0.09063615  -0.1037072  -0.1180761  0 </row>
        <row id="5">  0.06049341  0.06049341  0.06049341  0  -0.09025784  0.6639459  -0.3337559  -0.2543507  -0.1670617  0 </row>
        <row id="6">  0.05847354  0.05847354  0.05847354  0  -0.09063615  -0.3337559  0.6685173  -0.2529422  -0.1666037  0 </row>
        <row id="7">  -0.01131486  -0.01131486  -0.01131486  0  -0.1037072  -0.2543507  -0.2529422  0.7957236  -0.1507788  0 </row>
        <row id="8">  -0.08803235  -0.08803235  -0.08803235  0  -0.1180761  -0.1670617  -0.1666037  -0.1507788  0.8666174  0 </row>
        <row id="9">  0  0  0  0  0  0  0  0  0  0 </row>
      </Chi2WeightBeforeSwitch>
      <Chi2WeightAfterSwitch>
        <row id="0">  0.7119716  -0.2880284  -0.2880284  0  -0.1555346  0.06049341  0.05847354  -0.01131486  -0.08803235  0 </row>
        <row id="1">  -0.2880284  0.7119716  -0.2880284  0  -0.1555346  0.06049341  0.05847354  -0.01131486  -0.08803235  0 </row>
        <row id="2">  -0.2880284  -0.2880284  0.7119716  0  -0.1555346  0.06049341  0.05847354  -0.01131486  -0.08803235  0 </row>
        <row id="3">  0  0  0  0  0  0  0  0  0  0 </row>
        <row id="4">  -0.1555346  -0.1555346  -0.1555346  0  0.869281  -0.09025784  -0.09063615  -0.1037072  -0.1180761  0 </row>
        <row id="5">  0.06049341  0.06049341  0.06049341  0  -0.09025784  0.6639459  -0.3337559  -0.2543507  -0.1670617  0 </row>
        <row id="6">  0.05847354  0.05847354  0.05847354  0  -0.09063615  -0.3337559  0.6685173  -0.2529422  -0.1666037  0 </row>
        <row id="7">  -0.01131486  -0.01131486  -0.01131486  0  -0.1037072  -0.2543507  -0.2529422  0.7957236  -0.1507788  0 </row>
        <row id="8">  -0.08803235  -0.08803235  -0.08803235  0  -0.1180761  -0.1670617  -0.1666037  -0.1507788  0.8666174  0 </row>
        <row id="9">  0  0  0  0  0  0  0  0  0  0 </row>
      </Chi2WeightAfterSwitch>
    </EcalWeightSet>
  </EcalTBWeight>
  <EcalTBWeight>
    <EcalXtalGroupId>2</EcalXtalGroupId>
    <EcalTDCId>1</EcalTDCId>
    <EcalWeightSet>
      <WeightBeforeSwitch>
        <row id="0">  -0.3781952  -0.3781952  -0.3781952  0  0.02560097  0.3887539  0.3961563  0.24614  0.07793453  0 </row>
        <row id="1">  0.3027942  0.3027942  0.3027942  0  0.1129647  -0.05775802  -0.06123795  0.009286534  0.08836202  0 </row>
        <row id="2">  0  0  0  0  0  0  0  0  0  0 </row>
      </WeightBeforeSwitch>
      <WeightAfterSwitch>
        <row id="0">  0  0  0  0  0  1  0  0  0  0 </row>
        <row id="1">  0  0  0  0  0  0  0  0  0  0 </row>
        <row id="2">  0  0  0  0  0  0  0  0  0  0 </row>
      </WeightAfterSwitch>
            <Chi2WeightBeforeSwitch>
        <row id="0">  0.6972058  -0.3027942  -0.3027942  0  -0.1129647  0.05775802  0.06123795  -0.009286534  -0.08836202  0 </row>
        <row id="1">  -0.3027942  0.6972058  -0.3027942  0  -0.1129647  0.05775802  0.06123795  -0.009286534  -0.08836202  0 </row>
        <row id="2">  -0.3027942  -0.3027942  0.6972058  0  -0.1129647  0.05775802  0.06123795  -0.009286534  -0.08836202  0 </row>
        <row id="3">  0  0  0  0  0  0  0  0  0  0 </row>
        <row id="4">  -0.1129647  -0.1129647  -0.1129647  0  0.8741853  -0.1373713  -0.1376069  -0.1328329  -0.1274801  0 </row>
        <row id="5">  0.05775802  0.05775802  0.05775802  0  -0.1373713  0.6871396  -0.3164375  -0.243944  -0.1626609  0 </row>
        <row id="6">  0.06123795  0.06123795  0.06123795  0  -0.1376069  -0.3164375  0.6799174  -0.2462089  -0.163378  0 </row>
        <row id="7">  -0.009286534  -0.009286534  -0.009286534  0  -0.1328329  -0.243944  -0.2462089  0.7996904  -0.148845  0 </row>
        <row id="8">  -0.08836202  -0.08836202  -0.08836202  0  -0.1274801  -0.1626609  -0.163378  -0.148845  0.86745  0 </row>
        <row id="9">  0  0  0  0  0  0  0  0  0  0 </row>
      </Chi2WeightBeforeSwitch>
      <Chi2WeightAfterSwitch>
        <row id="0">  0.6972058  -0.3027942  -0.3027942  0  -0.1129647  0.05775802  0.06123795  -0.009286534  -0.08836202  0 </row>
        <row id="1">  -0.3027942  0.6972058  -0.3027942  0  -0.1129647  0.05775802  0.06123795  -0.009286534  -0.08836202  0 </row>
        <row id="2">  -0.3027942  -0.3027942  0.6972058  0  -0.1129647  0.05775802  0.06123795  -0.009286534  -0.08836202  0 </row>
        <row id="3">  0  0  0  0  0  0  0  0  0  0 </row>
        <row id="4">  -0.1129647  -0.1129647  -0.1129647  0  0.8741853  -0.1373713  -0.1376069  -0.1328329  -0.1274801  0 </row>
        <row id="5">  0.05775802  0.05775802  0.05775802  0  -0.1373713  0.6871396  -0.3164375  -0.243944  -0.1626609  0 </row>
        <row id="6">  0.06123795  0.06123795  0.06123795  0  -0.1376069  -0.3164375  0.6799174  -0.2462089  -0.163378  0 </row>
        <row id="7">  -0.009286534  -0.009286534  -0.009286534  0  -0.1328329  -0.243944  -0.2462089  0.7996904  -0.148845  0 </row>
        <row id="8">  -0.08836202  -0.08836202  -0.08836202  0  -0.1274801  -0.1626609  -0.163378  -0.148845  0.86745  0 </row>
        <row id="9">  0  0  0  0  0  0  0  0  0  0 </row>
      </Chi2WeightAfterSwitch>
    </EcalWeightSet>
  </EcalTBWeight>
</EcalTBWeights>
