<EcalTBWeights>
<EcalWeightGroups>
  <EcalCondHeader>
    <method>method</method>
    <version>V0</version>
    <datasource>data</datasource>
    <since>341</since>
    <tag>cmsecaltag</tag>
    <date>Oct 09 2009</date>
  </EcalCondHeader>
  <EcalTBWeight>
    <EcalXtalGroupId>1</EcalXtalGroupId>
    <EcalTDCId>1</EcalTDCId>
    <EcalWeightSet>
      <WeightBeforeSwitch>
        <row id="0">  -0.3728704  -0.3728704  -0.3728704  0  0.3156794  0.4139156  0.2935063  0.122973  -0.02746293  0 </row>
        <row id="1">  0.3009682  0.3009682  0.3009682  0  -0.02397814  -0.07033864  -0.01351401  0.06696553  0.1379605  0 </row>
        <row id="2">  0  0  0  0  0  0  0  0  0  0 </row>
      </WeightBeforeSwitch>
      <WeightAfterSwitch>
        <row id="0">  0  0  0  0  0  1  0  0  0  0 </row>
        <row id="1">  0  0  0  0  0  0  0  0  0  0 </row>
        <row id="2">  0  0  0  0  0  0  0  0  0  0 </row>
      </WeightAfterSwitch>
      <Chi2WeightBeforeSwitch>
        <row id="0">  0.6990318  -0.3009682  -0.3009682  0  0.02397814  0.07033864  0.01351401  -0.06696553  -0.1379605  0 </row>
        <row id="1">  -0.3009682  0.6990318  -0.3009682  0  0.02397814  0.07033864  0.01351401  -0.06696553  -0.1379605  0 </row>
        <row id="2">  -0.3009682  -0.3009682  0.6990318  0  0.02397814  0.07033864  0.01351401  -0.06696553  -0.1379605  0 </row>
        <row id="3">  0  0  0  0  0  0  0  0  0  0 </row>
        <row id="4">  0.02397814  0.02397814  0.02397814  0  0.7488722  -0.2903775  -0.2422687  -0.1741331  -0.1140274  0 </row>
        <row id="5">  0.07033864  0.07033864  0.07033864  0  -0.2903775  0.6581587  -0.2787615  -0.1894228  -0.1106128  0 </row>
        <row id="6">  0.01351401  0.01351401  0.01351401  0  -0.2422687  -0.2787615  0.7659682  -0.170682  -0.1147981  0 </row>
        <row id="7">  -0.06696553  -0.06696553  -0.06696553  0  -0.1741331  -0.1894228  -0.170682  0.8558602  -0.1207256  0 </row>
        <row id="8">  -0.1379605  -0.1379605  -0.1379605  0  -0.1140274  -0.1106128  -0.1147981  -0.1207256  0.8740454  0 </row>
        <row id="9">  0  0  0  0  0  0  0  0  0  0 </row>
      </Chi2WeightBeforeSwitch>
      <Chi2WeightAfterSwitch>
        <row id="0">  0.6990318  -0.3009682  -0.3009682  0  0.02397814  0.07033864  0.01351401  -0.06696553  -0.1379605  0 </row>
        <row id="1">  -0.3009682  0.6990318  -0.3009682  0  0.02397814  0.07033864  0.01351401  -0.06696553  -0.1379605  0 </row>
        <row id="2">  -0.3009682  -0.3009682  0.6990318  0  0.02397814  0.07033864  0.01351401  -0.06696553  -0.1379605  0 </row>
        <row id="3">  0  0  0  0  0  0  0  0  0  0 </row>
        <row id="4">  0.02397814  0.02397814  0.02397814  0  0.7488722  -0.2903775  -0.2422687  -0.1741331  -0.1140274  0 </row>
        <row id="5">  0.07033864  0.07033864  0.07033864  0  -0.2903775  0.6581587  -0.2787615  -0.1894228  -0.1106128  0 </row>
        <row id="6">  0.01351401  0.01351401  0.01351401  0  -0.2422687  -0.2787615  0.7659682  -0.170682  -0.1147981  0 </row>
        <row id="7">  -0.06696553  -0.06696553  -0.06696553  0  -0.1741331  -0.1894228  -0.170682  0.8558602  -0.1207256  0 </row>
        <row id="8">  -0.1379605  -0.1379605  -0.1379605  0  -0.1140274  -0.1106128  -0.1147981  -0.1207256  0.8740454  0 </row>
        <row id="9">  0  0  0  0  0  0  0  0  0  0 </row>
      </Chi2WeightAfterSwitch>
    </EcalWeightSet>
  </EcalTBWeight>
  <EcalTBWeight>
    <EcalXtalGroupId>2</EcalXtalGroupId>
    <EcalTDCId>1</EcalTDCId>
    <EcalWeightSet>
      <WeightBeforeSwitch>
        <row id="0">  -0.3776786  -0.3776786  -0.3776786  0  0.2984232  0.4148379  0.3020261  0.1325012  -0.01475255  0 </row>
        <row id="1">  0.3037339  0.3037339  0.3037339  0  -0.0162268  -0.07131927  -0.01793185  0.06229467  0.1319815  0 </row>
        <row id="2">  0  0  0  0  0  0  0  0  0  0 </row>
      </WeightBeforeSwitch>
      <WeightAfterSwitch>
        <row id="0">  0  0  0  0  0  1  0  0  0  0 </row>
        <row id="1">  0  0  0  0  0  0  0  0  0  0 </row>
        <row id="2">  0  0  0  0  0  0  0  0  0  0 </row>
      </WeightAfterSwitch>
            <Chi2WeightBeforeSwitch>
        <row id="0">  0.6962661  -0.3037339  -0.3037339  0  0.0162268  0.07131927  0.01793185  -0.06229467  -0.1319815  0 </row>
        <row id="1">  -0.3037339  0.6962661  -0.3037339  0  0.0162268  0.07131927  0.01793185  -0.06229467  -0.1319815  0 </row>
        <row id="2">  -0.3037339  -0.3037339  0.6962661  0  0.0162268  0.07131927  0.01793185  -0.06229467  -0.1319815  0 </row>
        <row id="3">  0  0  0  0  0  0  0  0  0  0 </row>
        <row id="4">  0.0162268  0.0162268  0.0162268  0  0.7634095  -0.2801219  -0.2379378  -0.1745467  -0.1194835  0 </row>
        <row id="5">  0.07131927  0.07131927  0.07131927  0  -0.2801219  0.6593652  -0.2819947  -0.1938748  -0.1173316  0 </row>
        <row id="6">  0.01793185  0.01793185  0.01793185  0  -0.2379378  -0.2819947  0.7606987  -0.1751449  -0.1194169  0 </row>
        <row id="7">  -0.06229467  -0.06229467  -0.06229467  0  -0.1745467  -0.1938748  -0.1751449  0.853001  -0.1225507  0 </row>
        <row id="8">  -0.1319815  -0.1319815  -0.1319815  0  -0.1194835  -0.1173316  -0.1194169  -0.1225507  0.8747273  0 </row>
        <row id="9">  0  0  0  0  0  0  0  0  0  0 </row>
      </Chi2WeightBeforeSwitch>
      <Chi2WeightAfterSwitch>
        <row id="0">  0.6962661  -0.3037339  -0.3037339  0  0.0162268  0.07131927  0.01793185  -0.06229467  -0.1319815  0 </row>
        <row id="1">  -0.3037339  0.6962661  -0.3037339  0  0.0162268  0.07131927  0.01793185  -0.06229467  -0.1319815  0 </row>
        <row id="2">  -0.3037339  -0.3037339  0.6962661  0  0.0162268  0.07131927  0.01793185  -0.06229467  -0.1319815  0 </row>
        <row id="3">  0  0  0  0  0  0  0  0  0  0 </row>
        <row id="4">  0.0162268  0.0162268  0.0162268  0  0.7634095  -0.2801219  -0.2379378  -0.1745467  -0.1194835  0 </row>
        <row id="5">  0.07131927  0.07131927  0.07131927  0  -0.2801219  0.6593652  -0.2819947  -0.1938748  -0.1173316  0 </row>
        <row id="6">  0.01793185  0.01793185  0.01793185  0  -0.2379378  -0.2819947  0.7606987  -0.1751449  -0.1194169  0 </row>
        <row id="7">  -0.06229467  -0.06229467  -0.06229467  0  -0.1745467  -0.1938748  -0.1751449  0.853001  -0.1225507  0 </row>
        <row id="8">  -0.1319815  -0.1319815  -0.1319815  0  -0.1194835  -0.1173316  -0.1194169  -0.1225507  0.8747273  0 </row>
        <row id="9">  0  0  0  0  0  0  0  0  0  0 </row>
      </Chi2WeightAfterSwitch>
    </EcalWeightSet>
  </EcalTBWeight>
</EcalTBWeights>
