<EcalTBWeights>
<EcalWeightGroups>
  <EcalCondHeader>
    <method>method</method>
    <version>V0</version>
    <datasource>data</datasource>
    <since>341</since>
    <tag>cmsecaltag</tag>
    <date>Oct 09 2009</date>
  </EcalCondHeader>
  <EcalTBWeight>
    <EcalXtalGroupId>1</EcalXtalGroupId>
    <EcalTDCId>1</EcalTDCId>
    <EcalWeightSet>
      <WeightBeforeSwitch>
        <row id="0">  -0.3839771  -0.3839771  -0.3839771  0  0.1672862  0.427394  0.3556001  0.1836189  0.01803226  0 </row>
        <row id="1">  0.306249  0.306249  0.306249  0  0.04603581  -0.07674304  -0.04285415  0.03832624  0.1164882  0 </row>
        <row id="2">  0  0  0  0  0  0  0  0  0  0 </row>
      </WeightBeforeSwitch>
      <WeightAfterSwitch>
        <row id="0">  0  0  0  0  0  1  0  0  0  0 </row>
        <row id="1">  0  0  0  0  0  0  0  0  0  0 </row>
        <row id="2">  0  0  0  0  0  0  0  0  0  0 </row>
      </WeightAfterSwitch>
      <Chi2WeightBeforeSwitch>
        <row id="0">  0.693751  -0.306249  -0.306249  0  -0.04603581  0.07674304  0.04285415  -0.03832624  -0.1164882  0 </row>
        <row id="1">  -0.306249  0.693751  -0.306249  0  -0.04603581  0.07674304  0.04285415  -0.03832624  -0.1164882  0 </row>
        <row id="2">  -0.306249  -0.306249  0.693751  0  -0.04603581  0.07674304  0.04285415  -0.03832624  -0.1164882  0 </row>
        <row id="3">  0  0  0  0  0  0  0  0  0  0 </row>
        <row id="4">  -0.04603581  -0.04603581  -0.04603581  0  0.8405979  -0.2128928  -0.1981285  -0.1627609  -0.1287083  0 </row>
        <row id="5">  0.07674304  0.07674304  0.07674304  0  -0.2128928  0.6504456  -0.3118336  -0.2214741  -0.1344742  0 </row>
        <row id="6">  0.04285415  0.04285415  0.04285415  0  -0.1981285  -0.3118336  0.7195508  -0.2052683  -0.1328827  0 </row>
        <row id="7">  -0.03832624  -0.03832624  -0.03832624  0  -0.1627609  -0.2214741  -0.2052683  0.8335524  -0.1290704  0 </row>
        <row id="8">  -0.1164882  -0.1164882  -0.1164882  0  -0.1287083  -0.1344742  -0.1328827  -0.1290704  0.8746003  0 </row>
        <row id="9">  0  0  0  0  0  0  0  0  0  0 </row>
      </Chi2WeightBeforeSwitch>
      <Chi2WeightAfterSwitch>
        <row id="0">  0.693751  -0.306249  -0.306249  0  -0.04603581  0.07674304  0.04285415  -0.03832624  -0.1164882  0 </row>
        <row id="1">  -0.306249  0.693751  -0.306249  0  -0.04603581  0.07674304  0.04285415  -0.03832624  -0.1164882  0 </row>
        <row id="2">  -0.306249  -0.306249  0.693751  0  -0.04603581  0.07674304  0.04285415  -0.03832624  -0.1164882  0 </row>
        <row id="3">  0  0  0  0  0  0  0  0  0  0 </row>
        <row id="4">  -0.04603581  -0.04603581  -0.04603581  0  0.8405979  -0.2128928  -0.1981285  -0.1627609  -0.1287083  0 </row>
        <row id="5">  0.07674304  0.07674304  0.07674304  0  -0.2128928  0.6504456  -0.3118336  -0.2214741  -0.1344742  0 </row>
        <row id="6">  0.04285415  0.04285415  0.04285415  0  -0.1981285  -0.3118336  0.7195508  -0.2052683  -0.1328827  0 </row>
        <row id="7">  -0.03832624  -0.03832624  -0.03832624  0  -0.1627609  -0.2214741  -0.2052683  0.8335524  -0.1290704  0 </row>
        <row id="8">  -0.1164882  -0.1164882  -0.1164882  0  -0.1287083  -0.1344742  -0.1328827  -0.1290704  0.8746003  0 </row>
        <row id="9">  0  0  0  0  0  0  0  0  0  0 </row>
      </Chi2WeightAfterSwitch>
    </EcalWeightSet>
  </EcalTBWeight>
  <EcalTBWeight>
    <EcalXtalGroupId>2</EcalXtalGroupId>
    <EcalTDCId>1</EcalTDCId>
    <EcalWeightSet>
      <WeightBeforeSwitch>
        <row id="0">  -0.3835844  -0.3835844  -0.3835844  0  0.1795867  0.414094  0.3494367  0.183548  0.02408761  0 </row>
        <row id="1">  0.3085742  0.3085742  0.3085742  0  0.03905414  -0.07317537  -0.04223196  0.03715836  0.1134723  0 </row>
        <row id="2">  0  0  0  0  0  0  0  0  0  0 </row>
      </WeightBeforeSwitch>
      <WeightAfterSwitch>
        <row id="0">  0  0  0  0  0  1  0  0  0  0 </row>
        <row id="1">  0  0  0  0  0  0  0  0  0  0 </row>
        <row id="2">  0  0  0  0  0  0  0  0  0  0 </row>
      </WeightAfterSwitch>
            <Chi2WeightBeforeSwitch>
        <row id="0">  0.6914258  -0.3085742  -0.3085742  0  -0.03905414  0.07317537  0.04223196  -0.03715836  -0.1134723  0 </row>
        <row id="1">  -0.3085742  0.6914258  -0.3085742  0  -0.03905414  0.07317537  0.04223196  -0.03715836  -0.1134723  0 </row>
        <row id="2">  -0.3085742  -0.3085742  0.6914258  0  -0.03905414  0.07317537  0.04223196  -0.03715836  -0.1134723  0 </row>
        <row id="3">  0  0  0  0  0  0  0  0  0  0 </row>
        <row id="4">  -0.03905414  -0.03905414  -0.03905414  0  0.8347618  -0.2177818  -0.2032947  -0.1661257  -0.1303971  0 </row>
        <row id="5">  0.07317537  0.07317537  0.07317537  0  -0.2177818  0.6610621  -0.3055333  -0.2198284  -0.1374446  0 </row>
        <row id="6">  0.04223196  0.04223196  0.04223196  0  -0.2032947  -0.3055333  0.7226554  -0.2050218  -0.1355015  0 </row>
        <row id="7">  -0.03715836  -0.03715836  -0.03715836  0  -0.1661257  -0.2198284  -0.2050218  0.8329671  -0.1305161  0 </row>
        <row id="8">  -0.1134723  -0.1134723  -0.1134723  0  -0.1303971  -0.1374446  -0.1355015  -0.1305161  0.8742761  0 </row>
        <row id="9">  0  0  0  0  0  0  0  0  0  0 </row>
      </Chi2WeightBeforeSwitch>
      <Chi2WeightAfterSwitch>
        <row id="0">  0.6914258  -0.3085742  -0.3085742  0  -0.03905414  0.07317537  0.04223196  -0.03715836  -0.1134723  0 </row>
        <row id="1">  -0.3085742  0.6914258  -0.3085742  0  -0.03905414  0.07317537  0.04223196  -0.03715836  -0.1134723  0 </row>
        <row id="2">  -0.3085742  -0.3085742  0.6914258  0  -0.03905414  0.07317537  0.04223196  -0.03715836  -0.1134723  0 </row>
        <row id="3">  0  0  0  0  0  0  0  0  0  0 </row>
        <row id="4">  -0.03905414  -0.03905414  -0.03905414  0  0.8347618  -0.2177818  -0.2032947  -0.1661257  -0.1303971  0 </row>
        <row id="5">  0.07317537  0.07317537  0.07317537  0  -0.2177818  0.6610621  -0.3055333  -0.2198284  -0.1374446  0 </row>
        <row id="6">  0.04223196  0.04223196  0.04223196  0  -0.2032947  -0.3055333  0.7226554  -0.2050218  -0.1355015  0 </row>
        <row id="7">  -0.03715836  -0.03715836  -0.03715836  0  -0.1661257  -0.2198284  -0.2050218  0.8329671  -0.1305161  0 </row>
        <row id="8">  -0.1134723  -0.1134723  -0.1134723  0  -0.1303971  -0.1374446  -0.1355015  -0.1305161  0.8742761  0 </row>
        <row id="9">  0  0  0  0  0  0  0  0  0  0 </row>
      </Chi2WeightAfterSwitch>
    </EcalWeightSet>
  </EcalTBWeight>
</EcalTBWeights>
