<EcalTBWeights>
<EcalWeightGroups>
  <EcalCondHeader>
    <method>method</method>
    <version>V0</version>
    <datasource>data</datasource>
    <since>341</since>
    <tag>cmsecaltag</tag>
    <date>Oct 09 2009</date>
  </EcalCondHeader>
  <EcalTBWeight>
    <EcalXtalGroupId>1</EcalXtalGroupId>
    <EcalTDCId>1</EcalTDCId>
    <EcalWeightSet>
      <WeightBeforeSwitch>
        <row id="0">  -0.3662989  -0.3662989  -0.3662989  0  0.3721701  0.4079624  0.2671232  0.09748807  -0.04584699  0 </row>
        <row id="1">  0.2947494  0.2947494  0.2947494  0  -0.0474702  -0.06405701  0.001210384  0.0798223  0.1462463  0 </row>
        <row id="2">  0  0  0  0  0  0  0  0  0  0 </row>
      </WeightBeforeSwitch>
      <WeightAfterSwitch>
        <row id="0">  0  0  0  0  0  1  0  0  0  0 </row>
        <row id="1">  0  0  0  0  0  0  0  0  0  0 </row>
        <row id="2">  0  0  0  0  0  0  0  0  0  0 </row>
      </WeightAfterSwitch>
      <Chi2WeightBeforeSwitch>
        <row id="0">  0.7052506  -0.2947494  -0.2947494  0  0.0474702  0.06405701  -0.001210384  -0.0798223  -0.1462463  0 </row>
        <row id="1">  -0.2947494  0.7052506  -0.2947494  0  0.0474702  0.06405701  -0.001210384  -0.0798223  -0.1462463  0 </row>
        <row id="2">  -0.2947494  -0.2947494  0.7052506  0  0.0474702  0.06405701  -0.001210384  -0.0798223  -0.1462463  0 </row>
        <row id="3">  0  0  0  0  0  0  0  0  0  0 </row>
        <row id="4">  0.0474702  0.0474702  0.0474702  0  0.6997654  -0.3170873  -0.2507738  -0.1709018  -0.1034132  0 </row>
        <row id="5">  0.06405701  0.06405701  0.06405701  0  -0.3170873  0.6644393  -0.2628697  -0.1753163  -0.1013371  0 </row>
        <row id="6">  -0.001210384  -0.001210384  -0.001210384  0  -0.2507738  -0.2628697  0.7847265  -0.1579458  -0.1095061  0 </row>
        <row id="7">  -0.0798223  -0.0798223  -0.0798223  0  -0.1709018  -0.1753163  -0.1579458  0.8629762  -0.1193454  0 </row>
        <row id="8">  -0.1462463  -0.1462463  -0.1462463  0  -0.1034132  -0.1013371  -0.1095061  -0.1193454  0.8723408  0 </row>
        <row id="9">  0  0  0  0  0  0  0  0  0  0 </row>
      </Chi2WeightBeforeSwitch>
      <Chi2WeightAfterSwitch>
        <row id="0">  0.7052506  -0.2947494  -0.2947494  0  0.0474702  0.06405701  -0.001210384  -0.0798223  -0.1462463  0 </row>
        <row id="1">  -0.2947494  0.7052506  -0.2947494  0  0.0474702  0.06405701  -0.001210384  -0.0798223  -0.1462463  0 </row>
        <row id="2">  -0.2947494  -0.2947494  0.7052506  0  0.0474702  0.06405701  -0.001210384  -0.0798223  -0.1462463  0 </row>
        <row id="3">  0  0  0  0  0  0  0  0  0  0 </row>
        <row id="4">  0.0474702  0.0474702  0.0474702  0  0.6997654  -0.3170873  -0.2507738  -0.1709018  -0.1034132  0 </row>
        <row id="5">  0.06405701  0.06405701  0.06405701  0  -0.3170873  0.6644393  -0.2628697  -0.1753163  -0.1013371  0 </row>
        <row id="6">  -0.001210384  -0.001210384  -0.001210384  0  -0.2507738  -0.2628697  0.7847265  -0.1579458  -0.1095061  0 </row>
        <row id="7">  -0.0798223  -0.0798223  -0.0798223  0  -0.1709018  -0.1753163  -0.1579458  0.8629762  -0.1193454  0 </row>
        <row id="8">  -0.1462463  -0.1462463  -0.1462463  0  -0.1034132  -0.1013371  -0.1095061  -0.1193454  0.8723408  0 </row>
        <row id="9">  0  0  0  0  0  0  0  0  0  0 </row>
      </Chi2WeightAfterSwitch>
    </EcalWeightSet>
  </EcalTBWeight>
  <EcalTBWeight>
    <EcalXtalGroupId>2</EcalXtalGroupId>
    <EcalTDCId>1</EcalTDCId>
    <EcalWeightSet>
      <WeightBeforeSwitch>
        <row id="0">  -0.3718372  -0.3718372  -0.3718372  0  0.3558727  0.4098167  0.2756984  0.1069061  -0.03278228  0 </row>
        <row id="1">  0.2982841  0.2982841  0.2982841  0  -0.04084435  -0.06598342  -0.003481377  0.07517946  0.1402773  0 </row>
        <row id="2">  0  0  0  0  0  0  0  0  0  0 </row>
      </WeightBeforeSwitch>
      <WeightAfterSwitch>
        <row id="0">  0  0  0  0  0  1  0  0  0  0 </row>
        <row id="1">  0  0  0  0  0  0  0  0  0  0 </row>
        <row id="2">  0  0  0  0  0  0  0  0  0  0 </row>
      </WeightAfterSwitch>
            <Chi2WeightBeforeSwitch>
        <row id="0">  0.7017159  -0.2982841  -0.2982841  0  0.04084435  0.06598342  0.003481377  -0.07517946  -0.1402773  0 </row>
        <row id="1">  -0.2982841  0.7017159  -0.2982841  0  0.04084435  0.06598342  0.003481377  -0.07517946  -0.1402773  0 </row>
        <row id="2">  -0.2982841  -0.2982841  0.7017159  0  0.04084435  0.06598342  0.003481377  -0.07517946  -0.1402773  0 </row>
        <row id="3">  0  0  0  0  0  0  0  0  0  0 </row>
        <row id="4">  0.04084435  0.04084435  0.04084435  0  0.716276  -0.3077837  -0.2479652  -0.1726815  -0.1103787  0 </row>
        <row id="5">  0.06598342  0.06598342  0.06598342  0  -0.3077837  0.6645095  -0.2666045  -0.1799092  -0.1081623  0 </row>
        <row id="6">  0.003481377  0.003481377  0.003481377  0  -0.2479652  -0.2666045  0.7797376  -0.1619394  -0.1136727  0 </row>
        <row id="7">  -0.07517946  -0.07517946  -0.07517946  0  -0.1726815  -0.1799092  -0.1619394  0.8606762  -0.1206077  0 </row>
        <row id="8">  -0.1402773  -0.1402773  -0.1402773  0  -0.1103787  -0.1081623  -0.1136727  -0.1206077  0.8736531  0 </row>
        <row id="9">  0  0  0  0  0  0  0  0  0  0 </row>
      </Chi2WeightBeforeSwitch>
      <Chi2WeightAfterSwitch>
        <row id="0">  0.7017159  -0.2982841  -0.2982841  0  0.04084435  0.06598342  0.003481377  -0.07517946  -0.1402773  0 </row>
        <row id="1">  -0.2982841  0.7017159  -0.2982841  0  0.04084435  0.06598342  0.003481377  -0.07517946  -0.1402773  0 </row>
        <row id="2">  -0.2982841  -0.2982841  0.7017159  0  0.04084435  0.06598342  0.003481377  -0.07517946  -0.1402773  0 </row>
        <row id="3">  0  0  0  0  0  0  0  0  0  0 </row>
        <row id="4">  0.04084435  0.04084435  0.04084435  0  0.716276  -0.3077837  -0.2479652  -0.1726815  -0.1103787  0 </row>
        <row id="5">  0.06598342  0.06598342  0.06598342  0  -0.3077837  0.6645095  -0.2666045  -0.1799092  -0.1081623  0 </row>
        <row id="6">  0.003481377  0.003481377  0.003481377  0  -0.2479652  -0.2666045  0.7797376  -0.1619394  -0.1136727  0 </row>
        <row id="7">  -0.07517946  -0.07517946  -0.07517946  0  -0.1726815  -0.1799092  -0.1619394  0.8606762  -0.1206077  0 </row>
        <row id="8">  -0.1402773  -0.1402773  -0.1402773  0  -0.1103787  -0.1081623  -0.1136727  -0.1206077  0.8736531  0 </row>
        <row id="9">  0  0  0  0  0  0  0  0  0  0 </row>
      </Chi2WeightAfterSwitch>
    </EcalWeightSet>
  </EcalTBWeight>
</EcalTBWeights>
