<EcalTBWeights>
<EcalWeightGroups>
  <EcalCondHeader>
    <method>method</method>
    <version>V0</version>
    <datasource>data</datasource>
    <since>341</since>
    <tag>cmsecaltag</tag>
    <date>Oct 09 2009</date>
  </EcalCondHeader>
  <EcalTBWeight>
    <EcalXtalGroupId>1</EcalXtalGroupId>
    <EcalTDCId>1</EcalTDCId>
    <EcalWeightSet>
      <WeightBeforeSwitch>
        <row id="0">  -0.3764706  -0.3764706  -0.3764706  0  0.03057039  0.424661  0.392077  0.2262774  0.05582587  0 </row>
        <row id="1">  0.2990078  0.2990078  0.2990078  0  0.1108701  -0.07128185  -0.05622122  0.0204127  0.09919682  0 </row>
        <row id="2">  0  0  0  0  0  0  0  0  0  0 </row>
      </WeightBeforeSwitch>
      <WeightAfterSwitch>
        <row id="0">  0  0  0  0  0  1  0  0  0  0 </row>
        <row id="1">  0  0  0  0  0  0  0  0  0  0 </row>
        <row id="2">  0  0  0  0  0  0  0  0  0  0 </row>
      </WeightAfterSwitch>
      <Chi2WeightBeforeSwitch>
        <row id="0">  0.7009922  -0.2990078  -0.2990078  0  -0.1108701  0.07128185  0.05622122  -0.0204127  -0.09919682  0 </row>
        <row id="1">  -0.2990078  0.7009922  -0.2990078  0  -0.1108701  0.07128185  0.05622122  -0.0204127  -0.09919682  0 </row>
        <row id="2">  -0.2990078  -0.2990078  0.7009922  0  -0.1108701  0.07128185  0.05622122  -0.0204127  -0.09919682  0 </row>
        <row id="3">  0  0  0  0  0  0  0  0  0  0 </row>
        <row id="4">  -0.1108701  -0.1108701  -0.1108701  0  0.8738526  -0.1409386  -0.1397156  -0.1334928  -0.1270953  0 </row>
        <row id="5">  0.07128185  0.07128185  0.07128185  0  -0.1409386  0.6535929  -0.3294186  -0.2429751  -0.1541061  0 </row>
        <row id="6">  0.05622122  0.05622122  0.05622122  0  -0.1397156  -0.3294186  0.6862663  -0.2339229  -0.1518728  0 </row>
        <row id="7">  -0.0204127  -0.0204127  -0.0204127  0  -0.1334928  -0.2429751  -0.2339229  0.8121379  -0.140509  0 </row>
        <row id="8">  -0.09919682  -0.09919682  -0.09919682  0  -0.1270953  -0.1541061  -0.1518728  -0.140509  0.8711737  0 </row>
        <row id="9">  0  0  0  0  0  0  0  0  0  0 </row>
      </Chi2WeightBeforeSwitch>
      <Chi2WeightAfterSwitch>
        <row id="0">  0.7009922  -0.2990078  -0.2990078  0  -0.1108701  0.07128185  0.05622122  -0.0204127  -0.09919682  0 </row>
        <row id="1">  -0.2990078  0.7009922  -0.2990078  0  -0.1108701  0.07128185  0.05622122  -0.0204127  -0.09919682  0 </row>
        <row id="2">  -0.2990078  -0.2990078  0.7009922  0  -0.1108701  0.07128185  0.05622122  -0.0204127  -0.09919682  0 </row>
        <row id="3">  0  0  0  0  0  0  0  0  0  0 </row>
        <row id="4">  -0.1108701  -0.1108701  -0.1108701  0  0.8738526  -0.1409386  -0.1397156  -0.1334928  -0.1270953  0 </row>
        <row id="5">  0.07128185  0.07128185  0.07128185  0  -0.1409386  0.6535929  -0.3294186  -0.2429751  -0.1541061  0 </row>
        <row id="6">  0.05622122  0.05622122  0.05622122  0  -0.1397156  -0.3294186  0.6862663  -0.2339229  -0.1518728  0 </row>
        <row id="7">  -0.0204127  -0.0204127  -0.0204127  0  -0.1334928  -0.2429751  -0.2339229  0.8121379  -0.140509  0 </row>
        <row id="8">  -0.09919682  -0.09919682  -0.09919682  0  -0.1270953  -0.1541061  -0.1518728  -0.140509  0.8711737  0 </row>
        <row id="9">  0  0  0  0  0  0  0  0  0  0 </row>
      </Chi2WeightAfterSwitch>
    </EcalWeightSet>
  </EcalTBWeight>
  <EcalTBWeight>
    <EcalXtalGroupId>2</EcalXtalGroupId>
    <EcalTDCId>1</EcalTDCId>
    <EcalWeightSet>
      <WeightBeforeSwitch>
        <row id="0">  -0.3827655  -0.3827655  -0.3827655  0  0.08553322  0.4019889  0.3805176  0.2232381  0.05701853  0 </row>
        <row id="1">  0.3067015  0.3067015  0.3067015  0  0.08439677  -0.06582698  -0.05563441  0.01902727  0.0979329  0 </row>
        <row id="2">  0  0  0  0  0  0  0  0  0  0 </row>
      </WeightBeforeSwitch>
      <WeightAfterSwitch>
        <row id="0">  0  0  0  0  0  1  0  0  0  0 </row>
        <row id="1">  0  0  0  0  0  0  0  0  0  0 </row>
        <row id="2">  0  0  0  0  0  0  0  0  0  0 </row>
      </WeightAfterSwitch>
            <Chi2WeightBeforeSwitch>
        <row id="0">  0.6932985  -0.3067015  -0.3067015  0  -0.08439677  0.06582698  0.05563441  -0.01902727  -0.0979329  0 </row>
        <row id="1">  -0.3067015  0.6932985  -0.3067015  0  -0.08439677  0.06582698  0.05563441  -0.01902727  -0.0979329  0 </row>
        <row id="2">  -0.3067015  -0.3067015  0.6932985  0  -0.08439677  0.06582698  0.05563441  -0.01902727  -0.0979329  0 </row>
        <row id="3">  0  0  0  0  0  0  0  0  0  0 </row>
        <row id="4">  -0.08439677  -0.08439677  -0.08439677  0  0.8659268  -0.1676424  -0.1653648  -0.1486808  -0.1310484  0 </row>
        <row id="5">  0.06582698  0.06582698  0.06582698  0  -0.1676424  0.6745892  -0.3147063  -0.2362949  -0.1534265  0 </row>
        <row id="6">  0.05563441  0.05563441  0.05563441  0  -0.1653648  -0.3147063  0.6954264  -0.2303504  -0.1519081  0 </row>
        <row id="7">  -0.01902727  -0.01902727  -0.01902727  0  -0.1486808  -0.2362949  -0.2303504  0.8131941  -0.1407862  0 </row>
        <row id="8">  -0.0979329  -0.0979329  -0.0979329  0  -0.1310484  -0.1534265  -0.1519081  -0.1407862  0.870968  0 </row>
        <row id="9">  0  0  0  0  0  0  0  0  0  0 </row>
      </Chi2WeightBeforeSwitch>
      <Chi2WeightAfterSwitch>
        <row id="0">  0.6932985  -0.3067015  -0.3067015  0  -0.08439677  0.06582698  0.05563441  -0.01902727  -0.0979329  0 </row>
        <row id="1">  -0.3067015  0.6932985  -0.3067015  0  -0.08439677  0.06582698  0.05563441  -0.01902727  -0.0979329  0 </row>
        <row id="2">  -0.3067015  -0.3067015  0.6932985  0  -0.08439677  0.06582698  0.05563441  -0.01902727  -0.0979329  0 </row>
        <row id="3">  0  0  0  0  0  0  0  0  0  0 </row>
        <row id="4">  -0.08439677  -0.08439677  -0.08439677  0  0.8659268  -0.1676424  -0.1653648  -0.1486808  -0.1310484  0 </row>
        <row id="5">  0.06582698  0.06582698  0.06582698  0  -0.1676424  0.6745892  -0.3147063  -0.2362949  -0.1534265  0 </row>
        <row id="6">  0.05563441  0.05563441  0.05563441  0  -0.1653648  -0.3147063  0.6954264  -0.2303504  -0.1519081  0 </row>
        <row id="7">  -0.01902727  -0.01902727  -0.01902727  0  -0.1486808  -0.2362949  -0.2303504  0.8131941  -0.1407862  0 </row>
        <row id="8">  -0.0979329  -0.0979329  -0.0979329  0  -0.1310484  -0.1534265  -0.1519081  -0.1407862  0.870968  0 </row>
        <row id="9">  0  0  0  0  0  0  0  0  0  0 </row>
      </Chi2WeightAfterSwitch>
    </EcalWeightSet>
  </EcalTBWeight>
</EcalTBWeights>
