<EcalTBWeights>
<EcalWeightGroups>
  <EcalCondHeader>
    <method>method</method>
    <version>V0</version>
    <datasource>data</datasource>
    <since>341</since>
    <tag>cmsecaltag</tag>
    <date>Oct 09 2009</date>
  </EcalCondHeader>
  <EcalTBWeight>
    <EcalXtalGroupId>1</EcalXtalGroupId>
    <EcalTDCId>1</EcalTDCId>
    <EcalWeightSet>
      <WeightBeforeSwitch>
        <row id="0">  -0.3732241  -0.3732241  -0.3732241  0  5.879649e-05  0.4210806  0.3985729  0.2355906  0.06436958  0 </row>
        <row id="1">  0.2961878  0.2961878  0.2961878  0  0.124973  -0.06813825  -0.05781458  0.01694097  0.09547541  0 </row>
        <row id="2">  0  0  0  0  0  0  0  0  0  0 </row>
      </WeightBeforeSwitch>
      <WeightAfterSwitch>
        <row id="0">  0  0  0  0  0  1  0  0  0  0 </row>
        <row id="1">  0  0  0  0  0  0  0  0  0  0 </row>
        <row id="2">  0  0  0  0  0  0  0  0  0  0 </row>
      </WeightAfterSwitch>
      <Chi2WeightBeforeSwitch>
        <row id="0">  0.7038122  -0.2961878  -0.2961878  0  -0.124973  0.06813825  0.05781458  -0.01694097  -0.09547541  0 </row>
        <row id="1">  -0.2961878  0.7038122  -0.2961878  0  -0.124973  0.06813825  0.05781458  -0.01694097  -0.09547541  0 </row>
        <row id="2">  -0.2961878  -0.2961878  0.7038122  0  -0.124973  0.06813825  0.05781458  -0.01694097  -0.09547541  0 </row>
        <row id="3">  0  0  0  0  0  0  0  0  0  0 </row>
        <row id="4">  -0.124973  -0.124973  -0.124973  0  0.875  -0.1250304  -0.1250288  -0.125017  -0.1250047  0 </row>
        <row id="5">  0.06813825  0.06813825  0.06813825  0  -0.1250304  0.6570967  -0.3312559  -0.2469148  -0.1583104  0 </row>
        <row id="6">  0.05781458  0.05781458  0.05781458  0  -0.1250288  -0.3312559  0.679769  -0.2403982  -0.1565298  0 </row>
        <row id="7">  -0.01694097  -0.01694097  -0.01694097  0  -0.125017  -0.2469148  -0.2403982  0.8067898  -0.1436368  0 </row>
        <row id="8">  -0.09547541  -0.09547541  -0.09547541  0  -0.1250047  -0.1583104  -0.1565298  -0.1436368  0.8699079  0 </row>
        <row id="9">  0  0  0  0  0  0  0  0  0  0 </row>
      </Chi2WeightBeforeSwitch>
      <Chi2WeightAfterSwitch>
        <row id="0">  0.7038122  -0.2961878  -0.2961878  0  -0.124973  0.06813825  0.05781458  -0.01694097  -0.09547541  0 </row>
        <row id="1">  -0.2961878  0.7038122  -0.2961878  0  -0.124973  0.06813825  0.05781458  -0.01694097  -0.09547541  0 </row>
        <row id="2">  -0.2961878  -0.2961878  0.7038122  0  -0.124973  0.06813825  0.05781458  -0.01694097  -0.09547541  0 </row>
        <row id="3">  0  0  0  0  0  0  0  0  0  0 </row>
        <row id="4">  -0.124973  -0.124973  -0.124973  0  0.875  -0.1250304  -0.1250288  -0.125017  -0.1250047  0 </row>
        <row id="5">  0.06813825  0.06813825  0.06813825  0  -0.1250304  0.6570967  -0.3312559  -0.2469148  -0.1583104  0 </row>
        <row id="6">  0.05781458  0.05781458  0.05781458  0  -0.1250288  -0.3312559  0.679769  -0.2403982  -0.1565298  0 </row>
        <row id="7">  -0.01694097  -0.01694097  -0.01694097  0  -0.125017  -0.2469148  -0.2403982  0.8067898  -0.1436368  0 </row>
        <row id="8">  -0.09547541  -0.09547541  -0.09547541  0  -0.1250047  -0.1583104  -0.1565298  -0.1436368  0.8699079  0 </row>
        <row id="9">  0  0  0  0  0  0  0  0  0  0 </row>
      </Chi2WeightAfterSwitch>
    </EcalWeightSet>
  </EcalTBWeight>
  <EcalTBWeight>
    <EcalXtalGroupId>2</EcalXtalGroupId>
    <EcalTDCId>1</EcalTDCId>
    <EcalWeightSet>
      <WeightBeforeSwitch>
        <row id="0">  -0.3817027  -0.3817027  -0.3817027  0  0.06425874  0.3976841  0.3862339  0.2315663  0.06536502  0 </row>
        <row id="1">  0.3056657  0.3056657  0.3056657  0  0.09458536  -0.06322998  -0.05781041  0.01539612  0.09406173  0 </row>
        <row id="2">  0  0  0  0  0  0  0  0  0  0 </row>
      </WeightBeforeSwitch>
      <WeightAfterSwitch>
        <row id="0">  0  0  0  0  0  1  0  0  0  0 </row>
        <row id="1">  0  0  0  0  0  0  0  0  0  0 </row>
        <row id="2">  0  0  0  0  0  0  0  0  0  0 </row>
      </WeightAfterSwitch>
            <Chi2WeightBeforeSwitch>
        <row id="0">  0.6943343  -0.3056657  -0.3056657  0  -0.09458536  0.06322998  0.05781041  -0.01539612  -0.09406173  0 </row>
        <row id="1">  -0.3056657  0.6943343  -0.3056657  0  -0.09458536  0.06322998  0.05781041  -0.01539612  -0.09406173  0 </row>
        <row id="2">  -0.3056657  -0.3056657  0.6943343  0  -0.09458536  0.06322998  0.05781041  -0.01539612  -0.09406173  0 </row>
        <row id="3">  0  0  0  0  0  0  0  0  0  0 </row>
        <row id="4">  -0.09458536  -0.09458536  -0.09458536  0  0.8698798  -0.1566881  -0.1557757  -0.1434516  -0.1302084  0 </row>
        <row id="5">  0.06322998  0.06322998  0.06322998  0  -0.1566881  0.6788891  -0.3154645  -0.2391929  -0.1572336  0 </row>
        <row id="6">  0.05781041  0.05781041  0.05781041  0  -0.1557757  -0.3154645  0.6900194  -0.235905  -0.1563055  0 </row>
        <row id="7">  -0.01539612  -0.01539612  -0.01539612  0  -0.1434516  -0.2391929  -0.235905  0.808507  -0.1437692  0 </row>
        <row id="8">  -0.09406173  -0.09406173  -0.09406173  0  -0.1302084  -0.1572336  -0.1563055  -0.1437692  0.8697019  0 </row>
        <row id="9">  0  0  0  0  0  0  0  0  0  0 </row>
      </Chi2WeightBeforeSwitch>
      <Chi2WeightAfterSwitch>
        <row id="0">  0.6943343  -0.3056657  -0.3056657  0  -0.09458536  0.06322998  0.05781041  -0.01539612  -0.09406173  0 </row>
        <row id="1">  -0.3056657  0.6943343  -0.3056657  0  -0.09458536  0.06322998  0.05781041  -0.01539612  -0.09406173  0 </row>
        <row id="2">  -0.3056657  -0.3056657  0.6943343  0  -0.09458536  0.06322998  0.05781041  -0.01539612  -0.09406173  0 </row>
        <row id="3">  0  0  0  0  0  0  0  0  0  0 </row>
        <row id="4">  -0.09458536  -0.09458536  -0.09458536  0  0.8698798  -0.1566881  -0.1557757  -0.1434516  -0.1302084  0 </row>
        <row id="5">  0.06322998  0.06322998  0.06322998  0  -0.1566881  0.6788891  -0.3154645  -0.2391929  -0.1572336  0 </row>
        <row id="6">  0.05781041  0.05781041  0.05781041  0  -0.1557757  -0.3154645  0.6900194  -0.235905  -0.1563055  0 </row>
        <row id="7">  -0.01539612  -0.01539612  -0.01539612  0  -0.1434516  -0.2391929  -0.235905  0.808507  -0.1437692  0 </row>
        <row id="8">  -0.09406173  -0.09406173  -0.09406173  0  -0.1302084  -0.1572336  -0.1563055  -0.1437692  0.8697019  0 </row>
        <row id="9">  0  0  0  0  0  0  0  0  0  0 </row>
      </Chi2WeightAfterSwitch>
    </EcalWeightSet>
  </EcalTBWeight>
</EcalTBWeights>
