<EcalTBWeights>
<EcalWeightGroups>
  <EcalCondHeader>
    <method>method</method>
    <version>V0</version>
    <datasource>data</datasource>
    <since>341</since>
    <tag>cmsecaltag</tag>
    <date>Oct 09 2009</date>
  </EcalCondHeader>
  <EcalTBWeight>
    <EcalXtalGroupId>1</EcalXtalGroupId>
    <EcalTDCId>1</EcalTDCId>
    <EcalWeightSet>
      <WeightBeforeSwitch>
        <row id="0">  -0.3830421  -0.3830421  -0.3830421  0  0.1155749  0.4289379  0.3714974  0.2006781  0.03243784  0 </row>
        <row id="1">  0.3046198  0.3046198  0.3046198  0  0.07080351  -0.07614175  -0.04920619  0.03089608  0.1097889  0 </row>
        <row id="2">  0  0  0  0  0  0  0  0  0  0 </row>
      </WeightBeforeSwitch>
      <WeightAfterSwitch>
        <row id="0">  0  0  0  0  0  1  0  0  0  0 </row>
        <row id="1">  0  0  0  0  0  0  0  0  0  0 </row>
        <row id="2">  0  0  0  0  0  0  0  0  0  0 </row>
      </WeightAfterSwitch>
      <Chi2WeightBeforeSwitch>
        <row id="0">  0.6953802  -0.3046198  -0.3046198  0  -0.07080351  0.07614175  0.04920619  -0.03089608  -0.1097889  0 </row>
        <row id="1">  -0.3046198  0.6953802  -0.3046198  0  -0.07080351  0.07614175  0.04920619  -0.03089608  -0.1097889  0 </row>
        <row id="2">  -0.3046198  -0.3046198  0.6953802  0  -0.07080351  0.07614175  0.04920619  -0.03089608  -0.1097889  0 </row>
        <row id="3">  0  0  0  0  0  0  0  0  0  0 </row>
        <row id="4">  -0.07080351  -0.07080351  -0.07080351  0  0.8586474  -0.1856903  -0.177563  -0.1533939  -0.1295896  0 </row>
        <row id="5">  0.07614175  0.07614175  0.07614175  0  -0.1856903  0.6497576  -0.3200795  -0.2303794  -0.1420336  0 </row>
        <row id="6">  0.04920619  0.04920619  0.04920619  0  -0.177563  -0.3200795  0.7060443  -0.2162677  -0.1397526  0 </row>
        <row id="7">  -0.03089608  -0.03089608  -0.03089608  0  -0.1533939  -0.2303794  -0.2162677  0.8256984  -0.1329692  0 </row>
        <row id="8">  -0.1097889  -0.1097889  -0.1097889  0  -0.1295896  -0.1420336  -0.1397526  -0.1329692  0.8737119  0 </row>
        <row id="9">  0  0  0  0  0  0  0  0  0  0 </row>
      </Chi2WeightBeforeSwitch>
      <Chi2WeightAfterSwitch>
        <row id="0">  0.6953802  -0.3046198  -0.3046198  0  -0.07080351  0.07614175  0.04920619  -0.03089608  -0.1097889  0 </row>
        <row id="1">  -0.3046198  0.6953802  -0.3046198  0  -0.07080351  0.07614175  0.04920619  -0.03089608  -0.1097889  0 </row>
        <row id="2">  -0.3046198  -0.3046198  0.6953802  0  -0.07080351  0.07614175  0.04920619  -0.03089608  -0.1097889  0 </row>
        <row id="3">  0  0  0  0  0  0  0  0  0  0 </row>
        <row id="4">  -0.07080351  -0.07080351  -0.07080351  0  0.8586474  -0.1856903  -0.177563  -0.1533939  -0.1295896  0 </row>
        <row id="5">  0.07614175  0.07614175  0.07614175  0  -0.1856903  0.6497576  -0.3200795  -0.2303794  -0.1420336  0 </row>
        <row id="6">  0.04920619  0.04920619  0.04920619  0  -0.177563  -0.3200795  0.7060443  -0.2162677  -0.1397526  0 </row>
        <row id="7">  -0.03089608  -0.03089608  -0.03089608  0  -0.1533939  -0.2303794  -0.2162677  0.8256984  -0.1329692  0 </row>
        <row id="8">  -0.1097889  -0.1097889  -0.1097889  0  -0.1295896  -0.1420336  -0.1397526  -0.1329692  0.8737119  0 </row>
        <row id="9">  0  0  0  0  0  0  0  0  0  0 </row>
      </Chi2WeightAfterSwitch>
    </EcalWeightSet>
  </EcalTBWeight>
  <EcalTBWeight>
    <EcalXtalGroupId>2</EcalXtalGroupId>
    <EcalTDCId>1</EcalTDCId>
    <EcalWeightSet>
      <WeightBeforeSwitch>
        <row id="0">  -0.3843536  -0.3843536  -0.3843536  0  0.1412009  0.4101738  0.3630419  0.2005222  0.03812182  0 </row>
        <row id="1">  0.3085525  0.3085525  0.3085525  0  0.05756789  -0.07088328  -0.04837487  0.02923828  0.1067945  0 </row>
        <row id="2">  0  0  0  0  0  0  0  0  0  0 </row>
      </WeightBeforeSwitch>
      <WeightAfterSwitch>
        <row id="0">  0  0  0  0  0  1  0  0  0  0 </row>
        <row id="1">  0  0  0  0  0  0  0  0  0  0 </row>
        <row id="2">  0  0  0  0  0  0  0  0  0  0 </row>
      </WeightAfterSwitch>
            <Chi2WeightBeforeSwitch>
        <row id="0">  0.6914475  -0.3085525  -0.3085525  0  -0.05756789  0.07088328  0.04837487  -0.02923828  -0.1067945  0 </row>
        <row id="1">  -0.3085525  0.6914475  -0.3085525  0  -0.05756789  0.07088328  0.04837487  -0.02923828  -0.1067945  0 </row>
        <row id="2">  -0.3085525  -0.3085525  0.6914475  0  -0.05756789  0.07088328  0.04837487  -0.02923828  -0.1067945  0 </row>
        <row id="3">  0  0  0  0  0  0  0  0  0  0 </row>
        <row id="4">  -0.05756789  -0.05756789  -0.05756789  0  0.8502273  -0.1969621  -0.1886931  -0.1601802  -0.1316882  0 </row>
        <row id="5">  0.07088328  0.07088328  0.07088328  0  -0.1969621  0.6659576  -0.3100219  -0.2271948  -0.1444285  0 </row>
        <row id="6">  0.04837487  0.04837487  0.04837487  0  -0.1886931  -0.3100219  0.7112384  -0.2154519  -0.1421961  0 </row>
        <row id="7">  -0.02923828  -0.02923828  -0.02923828  0  -0.1601802  -0.2271948  -0.2154519  0.8250399  -0.1344981  0 </row>
        <row id="8">  -0.1067945  -0.1067945  -0.1067945  0  -0.1316882  -0.1444285  -0.1421961  -0.1344981  0.8731943  0 </row>
        <row id="9">  0  0  0  0  0  0  0  0  0  0 </row>
      </Chi2WeightBeforeSwitch>
      <Chi2WeightAfterSwitch>
        <row id="0">  0.6914475  -0.3085525  -0.3085525  0  -0.05756789  0.07088328  0.04837487  -0.02923828  -0.1067945  0 </row>
        <row id="1">  -0.3085525  0.6914475  -0.3085525  0  -0.05756789  0.07088328  0.04837487  -0.02923828  -0.1067945  0 </row>
        <row id="2">  -0.3085525  -0.3085525  0.6914475  0  -0.05756789  0.07088328  0.04837487  -0.02923828  -0.1067945  0 </row>
        <row id="3">  0  0  0  0  0  0  0  0  0  0 </row>
        <row id="4">  -0.05756789  -0.05756789  -0.05756789  0  0.8502273  -0.1969621  -0.1886931  -0.1601802  -0.1316882  0 </row>
        <row id="5">  0.07088328  0.07088328  0.07088328  0  -0.1969621  0.6659576  -0.3100219  -0.2271948  -0.1444285  0 </row>
        <row id="6">  0.04837487  0.04837487  0.04837487  0  -0.1886931  -0.3100219  0.7112384  -0.2154519  -0.1421961  0 </row>
        <row id="7">  -0.02923828  -0.02923828  -0.02923828  0  -0.1601802  -0.2271948  -0.2154519  0.8250399  -0.1344981  0 </row>
        <row id="8">  -0.1067945  -0.1067945  -0.1067945  0  -0.1316882  -0.1444285  -0.1421961  -0.1344981  0.8731943  0 </row>
        <row id="9">  0  0  0  0  0  0  0  0  0  0 </row>
      </Chi2WeightAfterSwitch>
    </EcalWeightSet>
  </EcalTBWeight>
</EcalTBWeights>
