<EcalTBWeights>
<EcalWeightGroups>
  <EcalCondHeader>
    <method>method</method>
    <version>V0</version>
    <datasource>data</datasource>
    <since>341</since>
    <tag>cmsecaltag</tag>
    <date>Oct 09 2009</date>
  </EcalCondHeader>
  <EcalTBWeight>
    <EcalXtalGroupId>1</EcalXtalGroupId>
    <EcalTDCId>1</EcalTDCId>
    <EcalWeightSet>
      <WeightBeforeSwitch>
        <row id="0">  -0.3682894  -0.3682894  -0.3682894  0  0.3537168  0.4086897  0.275685  0.1062661  -0.03948933  0 </row>
        <row id="1">  0.2971483  0.2971483  0.2971483  0  -0.04033671  -0.06603251  -0.003862543  0.07532836  0.1434584  0 </row>
        <row id="2">  0  0  0  0  0  0  0  0  0  0 </row>
      </WeightBeforeSwitch>
      <WeightAfterSwitch>
        <row id="0">  0  0  0  0  0  1  0  0  0  0 </row>
        <row id="1">  0  0  0  0  0  0  0  0  0  0 </row>
        <row id="2">  0  0  0  0  0  0  0  0  0  0 </row>
      </WeightAfterSwitch>
      <Chi2WeightBeforeSwitch>
        <row id="0">  0.7028517  -0.2971483  -0.2971483  0  0.04033671  0.06603251  0.003862543  -0.07532836  -0.1434584  0 </row>
        <row id="1">  -0.2971483  0.7028517  -0.2971483  0  0.04033671  0.06603251  0.003862543  -0.07532836  -0.1434584  0 </row>
        <row id="2">  -0.2971483  -0.2971483  0.7028517  0  0.04033671  0.06603251  0.003862543  -0.07532836  -0.1434584  0 </row>
        <row id="3">  0  0  0  0  0  0  0  0  0  0 </row>
        <row id="4">  0.04033671  0.04033671  0.04033671  0  0.7162054  -0.3084737  -0.2487637  -0.1727062  -0.107272  0 </row>
        <row id="5">  0.06603251  0.06603251  0.06603251  0  -0.3084737  0.6630118  -0.2679984  -0.1801205  -0.1045168  0 </row>
        <row id="6">  0.003862543  0.003862543  0.003862543  0  -0.2487637  -0.2679984  0.7785393  -0.162182  -0.1111829  0 </row>
        <row id="7">  -0.07532836  -0.07532836  -0.07532836  0  -0.1727062  -0.1801205  -0.162182  0.8606678  -0.119674  0 </row>
        <row id="8">  -0.1434584  -0.1434584  -0.1434584  0  -0.107272  -0.1045168  -0.1111829  -0.119674  0.8730208  0 </row>
        <row id="9">  0  0  0  0  0  0  0  0  0  0 </row>
      </Chi2WeightBeforeSwitch>
      <Chi2WeightAfterSwitch>
        <row id="0">  0.7028517  -0.2971483  -0.2971483  0  0.04033671  0.06603251  0.003862543  -0.07532836  -0.1434584  0 </row>
        <row id="1">  -0.2971483  0.7028517  -0.2971483  0  0.04033671  0.06603251  0.003862543  -0.07532836  -0.1434584  0 </row>
        <row id="2">  -0.2971483  -0.2971483  0.7028517  0  0.04033671  0.06603251  0.003862543  -0.07532836  -0.1434584  0 </row>
        <row id="3">  0  0  0  0  0  0  0  0  0  0 </row>
        <row id="4">  0.04033671  0.04033671  0.04033671  0  0.7162054  -0.3084737  -0.2487637  -0.1727062  -0.107272  0 </row>
        <row id="5">  0.06603251  0.06603251  0.06603251  0  -0.3084737  0.6630118  -0.2679984  -0.1801205  -0.1045168  0 </row>
        <row id="6">  0.003862543  0.003862543  0.003862543  0  -0.2487637  -0.2679984  0.7785393  -0.162182  -0.1111829  0 </row>
        <row id="7">  -0.07532836  -0.07532836  -0.07532836  0  -0.1727062  -0.1801205  -0.162182  0.8606678  -0.119674  0 </row>
        <row id="8">  -0.1434584  -0.1434584  -0.1434584  0  -0.107272  -0.1045168  -0.1111829  -0.119674  0.8730208  0 </row>
        <row id="9">  0  0  0  0  0  0  0  0  0  0 </row>
      </Chi2WeightAfterSwitch>
    </EcalWeightSet>
  </EcalTBWeight>
  <EcalTBWeight>
    <EcalXtalGroupId>2</EcalXtalGroupId>
    <EcalTDCId>1</EcalTDCId>
    <EcalWeightSet>
      <WeightBeforeSwitch>
        <row id="0">  -0.3739821  -0.3739821  -0.3739821  0  0.3350228  0.412235  0.2855681  0.1159267  -0.02680621  0 </row>
        <row id="1">  0.3003824  0.3003824  0.3003824  0  -0.03211205  -0.06832141  -0.008919782  0.07063512  0.137571  0 </row>
        <row id="2">  0  0  0  0  0  0  0  0  0  0 </row>
      </WeightBeforeSwitch>
      <WeightAfterSwitch>
        <row id="0">  0  0  0  0  0  1  0  0  0  0 </row>
        <row id="1">  0  0  0  0  0  0  0  0  0  0 </row>
        <row id="2">  0  0  0  0  0  0  0  0  0  0 </row>
      </WeightAfterSwitch>
            <Chi2WeightBeforeSwitch>
        <row id="0">  0.6996176  -0.3003824  -0.3003824  0  0.03211205  0.06832141  0.008919782  -0.07063512  -0.137571  0 </row>
        <row id="1">  -0.3003824  0.6996176  -0.3003824  0  0.03211205  0.06832141  0.008919782  -0.07063512  -0.137571  0 </row>
        <row id="2">  -0.3003824  -0.3003824  0.6996176  0  0.03211205  0.06832141  0.008919782  -0.07063512  -0.137571  0 </row>
        <row id="3">  0  0  0  0  0  0  0  0  0  0 </row>
        <row id="4">  0.03211205  0.03211205  0.03211205  0  0.734255  -0.2981823  -0.2449688  -0.1737015  -0.1137386  0 </row>
        <row id="5">  0.06832141  0.06832141  0.06832141  0  -0.2981823  0.6619046  -0.2726178  -0.1849256  -0.1111431  0 </row>
        <row id="6">  0.008919782  0.008919782  0.008919782  0  -0.2449688  -0.2726178  0.7727405  -0.1665123  -0.1154009  0 </row>
        <row id="7">  -0.07063512  -0.07063512  -0.07063512  0  -0.1737015  -0.1849256  -0.1665123  0.858148  -0.1211032  0 </row>
        <row id="8">  -0.137571  -0.137571  -0.137571  0  -0.1137386  -0.1111431  -0.1154009  -0.1211032  0.8740989  0 </row>
        <row id="9">  0  0  0  0  0  0  0  0  0  0 </row>
      </Chi2WeightBeforeSwitch>
      <Chi2WeightAfterSwitch>
        <row id="0">  0.6996176  -0.3003824  -0.3003824  0  0.03211205  0.06832141  0.008919782  -0.07063512  -0.137571  0 </row>
        <row id="1">  -0.3003824  0.6996176  -0.3003824  0  0.03211205  0.06832141  0.008919782  -0.07063512  -0.137571  0 </row>
        <row id="2">  -0.3003824  -0.3003824  0.6996176  0  0.03211205  0.06832141  0.008919782  -0.07063512  -0.137571  0 </row>
        <row id="3">  0  0  0  0  0  0  0  0  0  0 </row>
        <row id="4">  0.03211205  0.03211205  0.03211205  0  0.734255  -0.2981823  -0.2449688  -0.1737015  -0.1137386  0 </row>
        <row id="5">  0.06832141  0.06832141  0.06832141  0  -0.2981823  0.6619046  -0.2726178  -0.1849256  -0.1111431  0 </row>
        <row id="6">  0.008919782  0.008919782  0.008919782  0  -0.2449688  -0.2726178  0.7727405  -0.1665123  -0.1154009  0 </row>
        <row id="7">  -0.07063512  -0.07063512  -0.07063512  0  -0.1737015  -0.1849256  -0.1665123  0.858148  -0.1211032  0 </row>
        <row id="8">  -0.137571  -0.137571  -0.137571  0  -0.1137386  -0.1111431  -0.1154009  -0.1211032  0.8740989  0 </row>
        <row id="9">  0  0  0  0  0  0  0  0  0  0 </row>
      </Chi2WeightAfterSwitch>
    </EcalWeightSet>
  </EcalTBWeight>
</EcalTBWeights>
