<EcalTBWeights>
<EcalWeightGroups>
  <EcalCondHeader>
    <method>method</method>
    <version>V0</version>
    <datasource>data</datasource>
    <since>341</since>
    <tag>cmsecaltag</tag>
    <date>Oct 09 2009</date>
  </EcalCondHeader>
  <EcalTBWeight>
    <EcalXtalGroupId>1</EcalXtalGroupId>
    <EcalTDCId>1</EcalTDCId>
    <EcalWeightSet>
      <WeightBeforeSwitch>
        <row id="0">  -0.379944  -0.379944  -0.379944  0  0.2554686  0.420755  0.3215976  0.1498751  -0.007864308  0 </row>
        <row id="1">  0.3051494  0.3051494  0.3051494  0  0.003870272  -0.07449983  -0.0274846  0.05393715  0.1287288  0 </row>
        <row id="2">  0  0  0  0  0  0  0  0  0  0 </row>
      </WeightBeforeSwitch>
      <WeightAfterSwitch>
        <row id="0">  0  0  0  0  0  1  0  0  0  0 </row>
        <row id="1">  0  0  0  0  0  0  0  0  0  0 </row>
        <row id="2">  0  0  0  0  0  0  0  0  0  0 </row>
      </WeightAfterSwitch>
      <Chi2WeightBeforeSwitch>
        <row id="0">  0.6948506  -0.3051494  -0.3051494  0  -0.003870272  0.07449983  0.0274846  -0.05393715  -0.1287288  0 </row>
        <row id="1">  -0.3051494  0.6948506  -0.3051494  0  -0.003870272  0.07449983  0.0274846  -0.05393715  -0.1287288  0 </row>
        <row id="2">  -0.3051494  -0.3051494  0.6948506  0  -0.003870272  0.07449983  0.0274846  -0.05393715  -0.1287288  0 </row>
        <row id="3">  0  0  0  0  0  0  0  0  0  0 </row>
        <row id="4">  -0.003870272  -0.003870272  -0.003870272  0  0.7935542  -0.2591407  -0.2275283  -0.1727816  -0.1224928  0 </row>
        <row id="5">  0.07449983  0.07449983  0.07449983  0  -0.2591407  0.6540712  -0.2938635  -0.2036959  -0.1208706  0 </row>
        <row id="6">  0.0274846  0.0274846  0.0274846  0  -0.2275283  -0.2938635  0.7459318  -0.18515  -0.1218438  0 </row>
        <row id="7">  -0.05393715  -0.05393715  -0.05393715  0  -0.1727816  -0.2036959  -0.18515  0.8469681  -0.1235291  0 </row>
        <row id="8">  -0.1287288  -0.1287288  -0.1287288  0  -0.1224928  -0.1208706  -0.1218438  -0.1235291  0.8749228  0 </row>
        <row id="9">  0  0  0  0  0  0  0  0  0  0 </row>
      </Chi2WeightBeforeSwitch>
      <Chi2WeightAfterSwitch>
        <row id="0">  0.6948506  -0.3051494  -0.3051494  0  -0.003870272  0.07449983  0.0274846  -0.05393715  -0.1287288  0 </row>
        <row id="1">  -0.3051494  0.6948506  -0.3051494  0  -0.003870272  0.07449983  0.0274846  -0.05393715  -0.1287288  0 </row>
        <row id="2">  -0.3051494  -0.3051494  0.6948506  0  -0.003870272  0.07449983  0.0274846  -0.05393715  -0.1287288  0 </row>
        <row id="3">  0  0  0  0  0  0  0  0  0  0 </row>
        <row id="4">  -0.003870272  -0.003870272  -0.003870272  0  0.7935542  -0.2591407  -0.2275283  -0.1727816  -0.1224928  0 </row>
        <row id="5">  0.07449983  0.07449983  0.07449983  0  -0.2591407  0.6540712  -0.2938635  -0.2036959  -0.1208706  0 </row>
        <row id="6">  0.0274846  0.0274846  0.0274846  0  -0.2275283  -0.2938635  0.7459318  -0.18515  -0.1218438  0 </row>
        <row id="7">  -0.05393715  -0.05393715  -0.05393715  0  -0.1727816  -0.2036959  -0.18515  0.8469681  -0.1235291  0 </row>
        <row id="8">  -0.1287288  -0.1287288  -0.1287288  0  -0.1224928  -0.1208706  -0.1218438  -0.1235291  0.8749228  0 </row>
        <row id="9">  0  0  0  0  0  0  0  0  0  0 </row>
      </Chi2WeightAfterSwitch>
    </EcalWeightSet>
  </EcalTBWeight>
  <EcalTBWeight>
    <EcalXtalGroupId>2</EcalXtalGroupId>
    <EcalTDCId>1</EcalTDCId>
    <EcalWeightSet>
      <WeightBeforeSwitch>
        <row id="0">  -0.3812815  -0.3812815  -0.3812815  0  0.238747  0.4151871  0.3264257  0.1585614  0.004923316  0 </row>
        <row id="1">  0.3073516  0.3073516  0.3073516  0  0.01081694  -0.07356726  -0.03111625  0.04916645  0.1226454  0 </row>
        <row id="2">  0  0  0  0  0  0  0  0  0  0 </row>
      </WeightBeforeSwitch>
      <WeightAfterSwitch>
        <row id="0">  0  0  0  0  0  1  0  0  0  0 </row>
        <row id="1">  0  0  0  0  0  0  0  0  0  0 </row>
        <row id="2">  0  0  0  0  0  0  0  0  0  0 </row>
      </WeightAfterSwitch>
            <Chi2WeightBeforeSwitch>
        <row id="0">  0.6926484  -0.3073516  -0.3073516  0  -0.01081694  0.07356726  0.03111625  -0.04916645  -0.1226454  0 </row>
        <row id="1">  -0.3073516  0.6926484  -0.3073516  0  -0.01081694  0.07356726  0.03111625  -0.04916645  -0.1226454  0 </row>
        <row id="2">  -0.3073516  -0.3073516  0.6926484  0  -0.01081694  0.07356726  0.03111625  -0.04916645  -0.1226454  0 </row>
        <row id="3">  0  0  0  0  0  0  0  0  0  0 </row>
        <row id="4">  -0.01081694  -0.01081694  -0.01081694  0  0.803502  -0.2493368  -0.2227553  -0.1724847  -0.1264744  0 </row>
        <row id="5">  0.07356726  0.07356726  0.07356726  0  -0.2493368  0.6587751  -0.2949989  -0.2075771  -0.127564  0 </row>
        <row id="6">  0.03111625  0.03111625  0.03111625  0  -0.2227553  -0.2949989  0.7413445  -0.1899232  -0.1270159  0 </row>
        <row id="7">  -0.04916645  -0.04916645  -0.04916645  0  -0.1724847  -0.2075771  -0.1899232  0.8434635  -0.1259792  0 </row>
        <row id="8">  -0.1226454  -0.1226454  -0.1226454  0  -0.1264744  -0.127564  -0.1270159  -0.1259792  0.8749696  0 </row>
        <row id="9">  0  0  0  0  0  0  0  0  0  0 </row>
      </Chi2WeightBeforeSwitch>
      <Chi2WeightAfterSwitch>
        <row id="0">  0.6926484  -0.3073516  -0.3073516  0  -0.01081694  0.07356726  0.03111625  -0.04916645  -0.1226454  0 </row>
        <row id="1">  -0.3073516  0.6926484  -0.3073516  0  -0.01081694  0.07356726  0.03111625  -0.04916645  -0.1226454  0 </row>
        <row id="2">  -0.3073516  -0.3073516  0.6926484  0  -0.01081694  0.07356726  0.03111625  -0.04916645  -0.1226454  0 </row>
        <row id="3">  0  0  0  0  0  0  0  0  0  0 </row>
        <row id="4">  -0.01081694  -0.01081694  -0.01081694  0  0.803502  -0.2493368  -0.2227553  -0.1724847  -0.1264744  0 </row>
        <row id="5">  0.07356726  0.07356726  0.07356726  0  -0.2493368  0.6587751  -0.2949989  -0.2075771  -0.127564  0 </row>
        <row id="6">  0.03111625  0.03111625  0.03111625  0  -0.2227553  -0.2949989  0.7413445  -0.1899232  -0.1270159  0 </row>
        <row id="7">  -0.04916645  -0.04916645  -0.04916645  0  -0.1724847  -0.2075771  -0.1899232  0.8434635  -0.1259792  0 </row>
        <row id="8">  -0.1226454  -0.1226454  -0.1226454  0  -0.1264744  -0.127564  -0.1270159  -0.1259792  0.8749696  0 </row>
        <row id="9">  0  0  0  0  0  0  0  0  0  0 </row>
      </Chi2WeightAfterSwitch>
    </EcalWeightSet>
  </EcalTBWeight>
</EcalTBWeights>
