<EcalTBWeights>
<EcalWeightGroups>
  <EcalCondHeader>
    <method>method</method>
    <version>V0</version>
    <datasource>data</datasource>
    <since>341</since>
    <tag>cmsecaltag</tag>
    <date>Oct 09 2009</date>
  </EcalCondHeader>
  <EcalTBWeight>
    <EcalXtalGroupId>1</EcalXtalGroupId>
    <EcalTDCId>1</EcalTDCId>
    <EcalWeightSet>
      <WeightBeforeSwitch>
        <row id="0">  -0.3713157  -0.3713157  -0.3713157  0  0.3283633  0.4115626  0.2875374  0.1177636  -0.03127976  0 </row>
        <row id="1">  0.2998896  0.2998896  0.2998896  0  -0.029659  -0.06884582  -0.01042999  0.0695334  0.1397328  0 </row>
        <row id="2">  0  0  0  0  0  0  0  0  0  0 </row>
      </WeightBeforeSwitch>
      <WeightAfterSwitch>
        <row id="0">  0  0  0  0  0  1  0  0  0  0 </row>
        <row id="1">  0  0  0  0  0  0  0  0  0  0 </row>
        <row id="2">  0  0  0  0  0  0  0  0  0  0 </row>
      </WeightAfterSwitch>
      <Chi2WeightBeforeSwitch>
        <row id="0">  0.7001104  -0.2998896  -0.2998896  0  0.029659  0.06884582  0.01042999  -0.0695334  -0.1397328  0 </row>
        <row id="1">  -0.2998896  0.7001104  -0.2998896  0  0.029659  0.06884582  0.01042999  -0.0695334  -0.1397328  0 </row>
        <row id="2">  -0.2998896  -0.2998896  0.7001104  0  0.029659  0.06884582  0.01042999  -0.0695334  -0.1397328  0 </row>
        <row id="3">  0  0  0  0  0  0  0  0  0  0 </row>
        <row id="4">  0.029659  0.029659  0.029659  0  0.7382314  -0.2964225  -0.244764  -0.1740504  -0.1119715  0 </row>
        <row id="5">  0.06884582  0.06884582  0.06884582  0  -0.2964225  0.6601433  -0.2751092  -0.1864786  -0.1086704  0 </row>
        <row id="6">  0.01042999  0.01042999  0.01042999  0  -0.244764  -0.2751092  0.7701265  -0.1679519  -0.1135913  0 </row>
        <row id="7">  -0.0695334  -0.0695334  -0.0695334  0  -0.1740504  -0.1864786  -0.1679519  0.8574086  -0.1203275  0 </row>
        <row id="8">  -0.1397328  -0.1397328  -0.1397328  0  -0.1119715  -0.1086704  -0.1135913  -0.1203275  0.8737589  0 </row>
        <row id="9">  0  0  0  0  0  0  0  0  0  0 </row>
      </Chi2WeightBeforeSwitch>
      <Chi2WeightAfterSwitch>
        <row id="0">  0.7001104  -0.2998896  -0.2998896  0  0.029659  0.06884582  0.01042999  -0.0695334  -0.1397328  0 </row>
        <row id="1">  -0.2998896  0.7001104  -0.2998896  0  0.029659  0.06884582  0.01042999  -0.0695334  -0.1397328  0 </row>
        <row id="2">  -0.2998896  -0.2998896  0.7001104  0  0.029659  0.06884582  0.01042999  -0.0695334  -0.1397328  0 </row>
        <row id="3">  0  0  0  0  0  0  0  0  0  0 </row>
        <row id="4">  0.029659  0.029659  0.029659  0  0.7382314  -0.2964225  -0.244764  -0.1740504  -0.1119715  0 </row>
        <row id="5">  0.06884582  0.06884582  0.06884582  0  -0.2964225  0.6601433  -0.2751092  -0.1864786  -0.1086704  0 </row>
        <row id="6">  0.01042999  0.01042999  0.01042999  0  -0.244764  -0.2751092  0.7701265  -0.1679519  -0.1135913  0 </row>
        <row id="7">  -0.0695334  -0.0695334  -0.0695334  0  -0.1740504  -0.1864786  -0.1679519  0.8574086  -0.1203275  0 </row>
        <row id="8">  -0.1397328  -0.1397328  -0.1397328  0  -0.1119715  -0.1086704  -0.1135913  -0.1203275  0.8737589  0 </row>
        <row id="9">  0  0  0  0  0  0  0  0  0  0 </row>
      </Chi2WeightAfterSwitch>
    </EcalWeightSet>
  </EcalTBWeight>
  <EcalTBWeight>
    <EcalXtalGroupId>2</EcalXtalGroupId>
    <EcalTDCId>1</EcalTDCId>
    <EcalWeightSet>
      <WeightBeforeSwitch>
        <row id="0">  -0.3764506  -0.3764506  -0.3764506  0  0.3114065  0.4145094  0.2964838  0.1264435  -0.01949135  0 </row>
        <row id="1">  0.3025416  0.3025416  0.3025416  0  -0.02186547  -0.07049085  -0.01482766  0.06536674  0.1341925  0 </row>
        <row id="2">  0  0  0  0  0  0  0  0  0  0 </row>
      </WeightBeforeSwitch>
      <WeightAfterSwitch>
        <row id="0">  0  0  0  0  0  1  0  0  0  0 </row>
        <row id="1">  0  0  0  0  0  0  0  0  0  0 </row>
        <row id="2">  0  0  0  0  0  0  0  0  0  0 </row>
      </WeightAfterSwitch>
            <Chi2WeightBeforeSwitch>
        <row id="0">  0.6974584  -0.3025416  -0.3025416  0  0.02186547  0.07049085  0.01482766  -0.06536674  -0.1341925  0 </row>
        <row id="1">  -0.3025416  0.6974584  -0.3025416  0  0.02186547  0.07049085  0.01482766  -0.06536674  -0.1341925  0 </row>
        <row id="2">  -0.3025416  -0.3025416  0.6974584  0  0.02186547  0.07049085  0.01482766  -0.06536674  -0.1341925  0 </row>
        <row id="3">  0  0  0  0  0  0  0  0  0  0 </row>
        <row id="4">  0.02186547  0.02186547  0.02186547  0  0.7535103  -0.2867134  -0.2406679  -0.1743297  -0.1173958  0 </row>
        <row id="5">  0.07049085  0.07049085  0.07049085  0  -0.2867134  0.6597452  -0.2789641  -0.1906621  -0.1148781  0 </row>
        <row id="6">  0.01482766  0.01482766  0.01482766  0  -0.2406679  -0.2789641  0.7648749  -0.1719658  -0.1177602  0 </row>
        <row id="7">  -0.06536674  -0.06536674  -0.06536674  0  -0.1743297  -0.1906621  -0.1719658  0.8549702  -0.1219124  0 </row>
        <row id="8">  -0.1341925  -0.1341925  -0.1341925  0  -0.1173958  -0.1148781  -0.1177602  -0.1219124  0.874524  0 </row>
        <row id="9">  0  0  0  0  0  0  0  0  0  0 </row>
      </Chi2WeightBeforeSwitch>
      <Chi2WeightAfterSwitch>
        <row id="0">  0.6974584  -0.3025416  -0.3025416  0  0.02186547  0.07049085  0.01482766  -0.06536674  -0.1341925  0 </row>
        <row id="1">  -0.3025416  0.6974584  -0.3025416  0  0.02186547  0.07049085  0.01482766  -0.06536674  -0.1341925  0 </row>
        <row id="2">  -0.3025416  -0.3025416  0.6974584  0  0.02186547  0.07049085  0.01482766  -0.06536674  -0.1341925  0 </row>
        <row id="3">  0  0  0  0  0  0  0  0  0  0 </row>
        <row id="4">  0.02186547  0.02186547  0.02186547  0  0.7535103  -0.2867134  -0.2406679  -0.1743297  -0.1173958  0 </row>
        <row id="5">  0.07049085  0.07049085  0.07049085  0  -0.2867134  0.6597452  -0.2789641  -0.1906621  -0.1148781  0 </row>
        <row id="6">  0.01482766  0.01482766  0.01482766  0  -0.2406679  -0.2789641  0.7648749  -0.1719658  -0.1177602  0 </row>
        <row id="7">  -0.06536674  -0.06536674  -0.06536674  0  -0.1743297  -0.1906621  -0.1719658  0.8549702  -0.1219124  0 </row>
        <row id="8">  -0.1341925  -0.1341925  -0.1341925  0  -0.1173958  -0.1148781  -0.1177602  -0.1219124  0.874524  0 </row>
        <row id="9">  0  0  0  0  0  0  0  0  0  0 </row>
      </Chi2WeightAfterSwitch>
    </EcalWeightSet>
  </EcalTBWeight>
</EcalTBWeights>
