<EcalTBWeights>
<EcalWeightGroups>
  <EcalCondHeader>
    <method>method</method>
    <version>V0</version>
    <datasource>data</datasource>
    <since>341</since>
    <tag>cmsecaltag</tag>
    <date>Oct 09 2009</date>
  </EcalCondHeader>
  <EcalTBWeight>
    <EcalXtalGroupId>1</EcalXtalGroupId>
    <EcalTDCId>1</EcalTDCId>
    <EcalWeightSet>
      <WeightBeforeSwitch>
        <row id="0">  -0.3646816  -0.3646816  -0.3646816  0  0.3814887  0.4062255  0.2622265  0.09325869  -0.04915462  0 </row>
        <row id="1">  0.2934716  0.2934716  0.2934716  0  -0.05123601  -0.06266362  0.003859462  0.08191737  0.1477079  0 </row>
        <row id="2">  0  0  0  0  0  0  0  0  0  0 </row>
      </WeightBeforeSwitch>
      <WeightAfterSwitch>
        <row id="0">  0  0  0  0  0  1  0  0  0  0 </row>
        <row id="1">  0  0  0  0  0  0  0  0  0  0 </row>
        <row id="2">  0  0  0  0  0  0  0  0  0  0 </row>
      </WeightAfterSwitch>
      <Chi2WeightBeforeSwitch>
        <row id="0">  0.7065284  -0.2934716  -0.2934716  0  0.05123601  0.06266362  -0.003859462  -0.08191737  -0.1477079  0 </row>
        <row id="1">  -0.2934716  0.7065284  -0.2934716  0  0.05123601  0.06266362  -0.003859462  -0.08191737  -0.1477079  0 </row>
        <row id="2">  -0.2934716  -0.2934716  0.7065284  0  0.05123601  0.06266362  -0.003859462  -0.08191737  -0.1477079  0 </row>
        <row id="3">  0  0  0  0  0  0  0  0  0  0 </row>
        <row id="4">  0.05123601  0.05123601  0.05123601  0  0.6906418  -0.3213125  -0.2517236  -0.1700682  -0.1012455  0 </row>
        <row id="5">  0.06266362  0.06266362  0.06266362  0  -0.3213125  0.6659581  -0.2599407  -0.1729905  -0.09970524  0 </row>
        <row id="6">  -0.003859462  -0.003859462  -0.003859462  0  -0.2517236  -0.2599407  0.7878932  -0.1559788  -0.1086717  0 </row>
        <row id="7">  -0.08191737  -0.08191737  -0.08191737  0  -0.1700682  -0.1729905  -0.1559788  0.8639826  -0.119193  0 </row>
        <row id="8">  -0.1477079  -0.1477079  -0.1477079  0  -0.1012455  -0.09970524  -0.1086717  -0.119193  0.8719393  0 </row>
        <row id="9">  0  0  0  0  0  0  0  0  0  0 </row>
      </Chi2WeightBeforeSwitch>
      <Chi2WeightAfterSwitch>
        <row id="0">  0.7065284  -0.2934716  -0.2934716  0  0.05123601  0.06266362  -0.003859462  -0.08191737  -0.1477079  0 </row>
        <row id="1">  -0.2934716  0.7065284  -0.2934716  0  0.05123601  0.06266362  -0.003859462  -0.08191737  -0.1477079  0 </row>
        <row id="2">  -0.2934716  -0.2934716  0.7065284  0  0.05123601  0.06266362  -0.003859462  -0.08191737  -0.1477079  0 </row>
        <row id="3">  0  0  0  0  0  0  0  0  0  0 </row>
        <row id="4">  0.05123601  0.05123601  0.05123601  0  0.6906418  -0.3213125  -0.2517236  -0.1700682  -0.1012455  0 </row>
        <row id="5">  0.06266362  0.06266362  0.06266362  0  -0.3213125  0.6659581  -0.2599407  -0.1729905  -0.09970524  0 </row>
        <row id="6">  -0.003859462  -0.003859462  -0.003859462  0  -0.2517236  -0.2599407  0.7878932  -0.1559788  -0.1086717  0 </row>
        <row id="7">  -0.08191737  -0.08191737  -0.08191737  0  -0.1700682  -0.1729905  -0.1559788  0.8639826  -0.119193  0 </row>
        <row id="8">  -0.1477079  -0.1477079  -0.1477079  0  -0.1012455  -0.09970524  -0.1086717  -0.119193  0.8719393  0 </row>
        <row id="9">  0  0  0  0  0  0  0  0  0  0 </row>
      </Chi2WeightAfterSwitch>
    </EcalWeightSet>
  </EcalTBWeight>
  <EcalTBWeight>
    <EcalXtalGroupId>2</EcalXtalGroupId>
    <EcalTDCId>1</EcalTDCId>
    <EcalWeightSet>
      <WeightBeforeSwitch>
        <row id="0">  -0.3706717  -0.3706717  -0.3706717  0  0.3672523  0.408613  0.2703436  0.1019375  -0.0361315  0 </row>
        <row id="1">  0.2970019  0.2970019  0.2970019  0  -0.04541521  -0.06460775  -0.0004469259  0.07769816  0.141766  0 </row>
        <row id="2">  0  0  0  0  0  0  0  0  0  0 </row>
      </WeightBeforeSwitch>
      <WeightAfterSwitch>
        <row id="0">  0  0  0  0  0  1  0  0  0  0 </row>
        <row id="1">  0  0  0  0  0  0  0  0  0  0 </row>
        <row id="2">  0  0  0  0  0  0  0  0  0  0 </row>
      </WeightAfterSwitch>
            <Chi2WeightBeforeSwitch>
        <row id="0">  0.7029981  -0.2970019  -0.2970019  0  0.04541521  0.06460775  0.0004469259  -0.07769816  -0.141766  0 </row>
        <row id="1">  -0.2970019  0.7029981  -0.2970019  0  0.04541521  0.06460775  0.0004469259  -0.07769816  -0.141766  0 </row>
        <row id="2">  -0.2970019  -0.2970019  0.7029981  0  0.04541521  0.06460775  0.0004469259  -0.07769816  -0.141766  0 </row>
        <row id="3">  0  0  0  0  0  0  0  0  0  0 </row>
        <row id="4">  0.04541521  0.04541521  0.04541521  0  0.7061568  -0.3128587  -0.2492897  -0.1718655  -0.1083886  0 </row>
        <row id="5">  0.06460775  0.06460775  0.06460775  0  -0.3128587  0.6659843  -0.2632875  -0.1771436  -0.1065178  0 </row>
        <row id="6">  0.0004469259  0.0004469259  0.0004469259  0  -0.2492897  -0.2632875  0.7835072  -0.1594989  -0.112772  0 </row>
        <row id="7">  -0.07769816  -0.07769816  -0.07769816  0  -0.1718655  -0.1771436  -0.1594989  0.8619916  -0.1203892  0 </row>
        <row id="8">  -0.141766  -0.141766  -0.141766  0  -0.1083886  -0.1065178  -0.112772  -0.1203892  0.8733657  0 </row>
        <row id="9">  0  0  0  0  0  0  0  0  0  0 </row>
      </Chi2WeightBeforeSwitch>
      <Chi2WeightAfterSwitch>
        <row id="0">  0.7029981  -0.2970019  -0.2970019  0  0.04541521  0.06460775  0.0004469259  -0.07769816  -0.141766  0 </row>
        <row id="1">  -0.2970019  0.7029981  -0.2970019  0  0.04541521  0.06460775  0.0004469259  -0.07769816  -0.141766  0 </row>
        <row id="2">  -0.2970019  -0.2970019  0.7029981  0  0.04541521  0.06460775  0.0004469259  -0.07769816  -0.141766  0 </row>
        <row id="3">  0  0  0  0  0  0  0  0  0  0 </row>
        <row id="4">  0.04541521  0.04541521  0.04541521  0  0.7061568  -0.3128587  -0.2492897  -0.1718655  -0.1083886  0 </row>
        <row id="5">  0.06460775  0.06460775  0.06460775  0  -0.3128587  0.6659843  -0.2632875  -0.1771436  -0.1065178  0 </row>
        <row id="6">  0.0004469259  0.0004469259  0.0004469259  0  -0.2492897  -0.2632875  0.7835072  -0.1594989  -0.112772  0 </row>
        <row id="7">  -0.07769816  -0.07769816  -0.07769816  0  -0.1718655  -0.1771436  -0.1594989  0.8619916  -0.1203892  0 </row>
        <row id="8">  -0.141766  -0.141766  -0.141766  0  -0.1083886  -0.1065178  -0.112772  -0.1203892  0.8733657  0 </row>
        <row id="9">  0  0  0  0  0  0  0  0  0  0 </row>
      </Chi2WeightAfterSwitch>
    </EcalWeightSet>
  </EcalTBWeight>
</EcalTBWeights>
