<EcalTBWeights>
<EcalWeightGroups>
  <EcalCondHeader>
    <method>method</method>
    <version>V0</version>
    <datasource>data</datasource>
    <since>341</since>
    <tag>cmsecaltag</tag>
    <date>Oct 09 2009</date>
  </EcalCondHeader>
  <EcalTBWeight>
    <EcalXtalGroupId>1</EcalXtalGroupId>
    <EcalTDCId>1</EcalTDCId>
    <EcalWeightSet>
      <WeightBeforeSwitch>
        <row id="0">  -0.3550228  -0.3550228  -0.3550228  0  -0.09205024  0.4029674  0.4077219  0.2572773  0.08915202  0 </row>
        <row id="1">  0.2846759  0.2846759  0.2846759  0  0.1664007  -0.05623958  -0.05837796  0.00928635  0.08490277  0 </row>
        <row id="2">  0  0  0  0  0  0  0  0  0  0 </row>
      </WeightBeforeSwitch>
      <WeightAfterSwitch>
        <row id="0">  0  0  0  0  0  1  0  0  0  0 </row>
        <row id="1">  0  0  0  0  0  0  0  0  0  0 </row>
        <row id="2">  0  0  0  0  0  0  0  0  0  0 </row>
      </WeightAfterSwitch>
      <Chi2WeightBeforeSwitch>
        <row id="0">  0.7153241  -0.2846759  -0.2846759  0  -0.1664007  0.05623958  0.05837796  -0.00928635  -0.08490277  0 </row>
        <row id="1">  -0.2846759  0.7153241  -0.2846759  0  -0.1664007  0.05623958  0.05837796  -0.00928635  -0.08490277  0 </row>
        <row id="2">  -0.2846759  -0.2846759  0.7153241  0  -0.1664007  0.05623958  0.05837796  -0.00928635  -0.08490277  0 </row>
        <row id="3">  0  0  0  0  0  0  0  0  0  0 </row>
        <row id="4">  -0.1664007  -0.1664007  -0.1664007  0  0.8642656  -0.07800824  -0.0774538  -0.09499779  -0.1146036  0 </row>
        <row id="5">  0.05623958  0.05623958  0.05623958  0  -0.07800824  0.6692846  -0.3331425  -0.2563404  -0.1705122  0 </row>
        <row id="6">  0.05837796  0.05837796  0.05837796  0  -0.0774538  -0.3331425  0.6644017  -0.25789  -0.1710492  0 </row>
        <row id="7">  -0.00928635  -0.00928635  -0.00928635  0  -0.09499779  -0.2563404  -0.25789  0.7911448  -0.1540576  0 </row>
        <row id="8">  -0.08490277  -0.08490277  -0.08490277  0  -0.1146036  -0.1705122  -0.1710492  -0.1540576  0.8649309  0 </row>
        <row id="9">  0  0  0  0  0  0  0  0  0  0 </row>
      </Chi2WeightBeforeSwitch>
      <Chi2WeightAfterSwitch>
        <row id="0">  0.7153241  -0.2846759  -0.2846759  0  -0.1664007  0.05623958  0.05837796  -0.00928635  -0.08490277  0 </row>
        <row id="1">  -0.2846759  0.7153241  -0.2846759  0  -0.1664007  0.05623958  0.05837796  -0.00928635  -0.08490277  0 </row>
        <row id="2">  -0.2846759  -0.2846759  0.7153241  0  -0.1664007  0.05623958  0.05837796  -0.00928635  -0.08490277  0 </row>
        <row id="3">  0  0  0  0  0  0  0  0  0  0 </row>
        <row id="4">  -0.1664007  -0.1664007  -0.1664007  0  0.8642656  -0.07800824  -0.0774538  -0.09499779  -0.1146036  0 </row>
        <row id="5">  0.05623958  0.05623958  0.05623958  0  -0.07800824  0.6692846  -0.3331425  -0.2563404  -0.1705122  0 </row>
        <row id="6">  0.05837796  0.05837796  0.05837796  0  -0.0774538  -0.3331425  0.6644017  -0.25789  -0.1710492  0 </row>
        <row id="7">  -0.00928635  -0.00928635  -0.00928635  0  -0.09499779  -0.2563404  -0.25789  0.7911448  -0.1540576  0 </row>
        <row id="8">  -0.08490277  -0.08490277  -0.08490277  0  -0.1146036  -0.1705122  -0.1710492  -0.1540576  0.8649309  0 </row>
        <row id="9">  0  0  0  0  0  0  0  0  0  0 </row>
      </Chi2WeightAfterSwitch>
    </EcalWeightSet>
  </EcalTBWeight>
  <EcalTBWeight>
    <EcalXtalGroupId>2</EcalXtalGroupId>
    <EcalTDCId>1</EcalTDCId>
    <EcalWeightSet>
      <WeightBeforeSwitch>
        <row id="0">  -0.3759853  -0.3759853  -0.3759853  0  0.003305851  0.3818498  0.4010009  0.255076  0.08672318  0 </row>
        <row id="1">  0.3009799  0.3009799  0.3009799  0  0.1234527  -0.05372484  -0.06268851  0.005611681  0.08440921  0 </row>
        <row id="2">  0  0  0  0  0  0  0  0  0  0 </row>
      </WeightBeforeSwitch>
      <WeightAfterSwitch>
        <row id="0">  0  0  0  0  0  1  0  0  0  0 </row>
        <row id="1">  0  0  0  0  0  0  0  0  0  0 </row>
        <row id="2">  0  0  0  0  0  0  0  0  0  0 </row>
      </WeightAfterSwitch>
            <Chi2WeightBeforeSwitch>
        <row id="0">  0.6990201  -0.3009799  -0.3009799  0  -0.1234527  0.05372484  0.06268851  -0.005611681  -0.08440921  0 </row>
        <row id="1">  -0.3009799  0.6990201  -0.3009799  0  -0.1234527  0.05372484  0.06268851  -0.005611681  -0.08440921  0 </row>
        <row id="2">  -0.3009799  -0.3009799  0.6990201  0  -0.1234527  0.05372484  0.06268851  -0.005611681  -0.08440921  0 </row>
        <row id="3">  0  0  0  0  0  0  0  0  0  0 </row>
        <row id="4">  -0.1234527  -0.1234527  -0.1234527  0  0.8749864  -0.1265714  -0.1266503  -0.1260497  -0.1253569  0 </row>
        <row id="5">  0.05372484  0.05372484  0.05372484  0  -0.1265714  0.6934874  -0.3156161  -0.2462505  -0.1662239  0 </row>
        <row id="6">  0.06268851  0.06268851  0.06268851  0  -0.1266503  -0.3156161  0.6748239  -0.2523317  -0.1682914  0 </row>
        <row id="7">  -0.005611681  -0.005611681  -0.005611681  0  -0.1260497  -0.2462505  -0.2523317  0.7940046  -0.1525376  0 </row>
        <row id="8">  -0.08440921  -0.08440921  -0.08440921  0  -0.1253569  -0.1662239  -0.1682914  -0.1525376  0.8656375  0 </row>
        <row id="9">  0  0  0  0  0  0  0  0  0  0 </row>
      </Chi2WeightBeforeSwitch>
      <Chi2WeightAfterSwitch>
        <row id="0">  0.6990201  -0.3009799  -0.3009799  0  -0.1234527  0.05372484  0.06268851  -0.005611681  -0.08440921  0 </row>
        <row id="1">  -0.3009799  0.6990201  -0.3009799  0  -0.1234527  0.05372484  0.06268851  -0.005611681  -0.08440921  0 </row>
        <row id="2">  -0.3009799  -0.3009799  0.6990201  0  -0.1234527  0.05372484  0.06268851  -0.005611681  -0.08440921  0 </row>
        <row id="3">  0  0  0  0  0  0  0  0  0  0 </row>
        <row id="4">  -0.1234527  -0.1234527  -0.1234527  0  0.8749864  -0.1265714  -0.1266503  -0.1260497  -0.1253569  0 </row>
        <row id="5">  0.05372484  0.05372484  0.05372484  0  -0.1265714  0.6934874  -0.3156161  -0.2462505  -0.1662239  0 </row>
        <row id="6">  0.06268851  0.06268851  0.06268851  0  -0.1266503  -0.3156161  0.6748239  -0.2523317  -0.1682914  0 </row>
        <row id="7">  -0.005611681  -0.005611681  -0.005611681  0  -0.1260497  -0.2462505  -0.2523317  0.7940046  -0.1525376  0 </row>
        <row id="8">  -0.08440921  -0.08440921  -0.08440921  0  -0.1253569  -0.1662239  -0.1682914  -0.1525376  0.8656375  0 </row>
        <row id="9">  0  0  0  0  0  0  0  0  0  0 </row>
      </Chi2WeightAfterSwitch>
    </EcalWeightSet>
  </EcalTBWeight>
</EcalTBWeights>
