<EcalTBWeights>
<EcalWeightGroups>
  <EcalCondHeader>
    <method>method</method>
    <version>V0</version>
    <datasource>data</datasource>
    <since>341</since>
    <tag>cmsecaltag</tag>
    <date>Oct 09 2009</date>
  </EcalCondHeader>
  <EcalTBWeight>
    <EcalXtalGroupId>1</EcalXtalGroupId>
    <EcalTDCId>1</EcalTDCId>
    <EcalWeightSet>
      <WeightBeforeSwitch>
        <row id="0">  -0.378062  -0.378062  -0.378062  0  0.2736468  0.418581  0.3136449  0.1421032  -0.01378992  0 </row>
        <row id="1">  0.3041918  0.3041918  0.3041918  0  -0.00470164  -0.07339678  -0.02365972  0.05764671  0.1315361  0 </row>
        <row id="2">  0  0  0  0  0  0  0  0  0  0 </row>
      </WeightBeforeSwitch>
      <WeightAfterSwitch>
        <row id="0">  0  0  0  0  0  1  0  0  0  0 </row>
        <row id="1">  0  0  0  0  0  0  0  0  0  0 </row>
        <row id="2">  0  0  0  0  0  0  0  0  0  0 </row>
      </WeightAfterSwitch>
      <Chi2WeightBeforeSwitch>
        <row id="0">  0.6958082  -0.3041918  -0.3041918  0  0.00470164  0.07339678  0.02365972  -0.05764671  -0.1315361  0 </row>
        <row id="1">  -0.3041918  0.6958082  -0.3041918  0  0.00470164  0.07339678  0.02365972  -0.05764671  -0.1315361  0 </row>
        <row id="2">  -0.3041918  -0.3041918  0.6958082  0  0.00470164  0.07339678  0.02365972  -0.05764671  -0.1315361  0 </row>
        <row id="3">  0  0  0  0  0  0  0  0  0  0 </row>
        <row id="4">  0.00470164  0.00470164  0.00470164  0  0.7811201  -0.2686025  -0.2326021  -0.1737513  -0.1202691  0 </row>
        <row id="5">  0.07339678  0.07339678  0.07339678  0  -0.2686025  0.6553399  -0.2895924  -0.1995719  -0.1177634  0 </row>
        <row id="6">  0.02365972  0.02365972  0.02365972  0  -0.2326021  -0.2895924  0.7516701  -0.1808771  -0.1195776  0 </row>
        <row id="7">  -0.05764671  -0.05764671  -0.05764671  0  -0.1737513  -0.1995719  -0.1808771  0.8496837  -0.1225433  0 </row>
        <row id="8">  -0.1315361  -0.1315361  -0.1315361  0  -0.1202691  -0.1177634  -0.1195776  -0.1225433  0.8747616  0 </row>
        <row id="9">  0  0  0  0  0  0  0  0  0  0 </row>
      </Chi2WeightBeforeSwitch>
      <Chi2WeightAfterSwitch>
        <row id="0">  0.6958082  -0.3041918  -0.3041918  0  0.00470164  0.07339678  0.02365972  -0.05764671  -0.1315361  0 </row>
        <row id="1">  -0.3041918  0.6958082  -0.3041918  0  0.00470164  0.07339678  0.02365972  -0.05764671  -0.1315361  0 </row>
        <row id="2">  -0.3041918  -0.3041918  0.6958082  0  0.00470164  0.07339678  0.02365972  -0.05764671  -0.1315361  0 </row>
        <row id="3">  0  0  0  0  0  0  0  0  0  0 </row>
        <row id="4">  0.00470164  0.00470164  0.00470164  0  0.7811201  -0.2686025  -0.2326021  -0.1737513  -0.1202691  0 </row>
        <row id="5">  0.07339678  0.07339678  0.07339678  0  -0.2686025  0.6553399  -0.2895924  -0.1995719  -0.1177634  0 </row>
        <row id="6">  0.02365972  0.02365972  0.02365972  0  -0.2326021  -0.2895924  0.7516701  -0.1808771  -0.1195776  0 </row>
        <row id="7">  -0.05764671  -0.05764671  -0.05764671  0  -0.1737513  -0.1995719  -0.1808771  0.8496837  -0.1225433  0 </row>
        <row id="8">  -0.1315361  -0.1315361  -0.1315361  0  -0.1202691  -0.1177634  -0.1195776  -0.1225433  0.8747616  0 </row>
        <row id="9">  0  0  0  0  0  0  0  0  0  0 </row>
      </Chi2WeightAfterSwitch>
    </EcalWeightSet>
  </EcalTBWeight>
  <EcalTBWeight>
    <EcalXtalGroupId>2</EcalXtalGroupId>
    <EcalTDCId>1</EcalTDCId>
    <EcalWeightSet>
      <WeightBeforeSwitch>
        <row id="0">  -0.3807852  -0.3807852  -0.3807852  0  0.2561021  0.4166948  0.3202409  0.1508744  -0.001556759  0 </row>
        <row id="1">  0.3063522  0.3063522  0.3063522  0  0.003029179  -0.07345445  -0.02751745  0.05314479  0.1257414  0 </row>
        <row id="2">  0  0  0  0  0  0  0  0  0  0 </row>
      </WeightBeforeSwitch>
      <WeightAfterSwitch>
        <row id="0">  0  0  0  0  0  1  0  0  0  0 </row>
        <row id="1">  0  0  0  0  0  0  0  0  0  0 </row>
        <row id="2">  0  0  0  0  0  0  0  0  0  0 </row>
      </WeightAfterSwitch>
            <Chi2WeightBeforeSwitch>
        <row id="0">  0.6936478  -0.3063522  -0.3063522  0  -0.003029179  0.07345445  0.02751745  -0.05314479  -0.1257414  0 </row>
        <row id="1">  -0.3063522  0.6936478  -0.3063522  0  -0.003029179  0.07345445  0.02751745  -0.05314479  -0.1257414  0 </row>
        <row id="2">  -0.3063522  -0.3063522  0.6936478  0  -0.003029179  0.07345445  0.02751745  -0.05314479  -0.1257414  0 </row>
        <row id="3">  0  0  0  0  0  0  0  0  0  0 </row>
        <row id="4">  -0.003029179  -0.003029179  -0.003029179  0  0.7929669  -0.2584732  -0.2275776  -0.1733272  -0.1245013  0 </row>
        <row id="5">  0.07345445  0.07345445  0.07345445  0  -0.2584732  0.6578305  -0.2919005  -0.2036315  -0.1241887  0 </row>
        <row id="6">  0.02751745  0.02751745  0.02751745  0  -0.2275776  -0.2919005  0.7467326  -0.1854303  -0.1243765  0 </row>
        <row id="7">  -0.05314479  -0.05314479  -0.05314479  0  -0.1733272  -0.2036315  -0.1854303  0.8465296  -0.1247062  0 </row>
        <row id="8">  -0.1257414  -0.1257414  -0.1257414  0  -0.1245013  -0.1241887  -0.1243765  -0.1247062  0.874997  0 </row>
        <row id="9">  0  0  0  0  0  0  0  0  0  0 </row>
      </Chi2WeightBeforeSwitch>
      <Chi2WeightAfterSwitch>
        <row id="0">  0.6936478  -0.3063522  -0.3063522  0  -0.003029179  0.07345445  0.02751745  -0.05314479  -0.1257414  0 </row>
        <row id="1">  -0.3063522  0.6936478  -0.3063522  0  -0.003029179  0.07345445  0.02751745  -0.05314479  -0.1257414  0 </row>
        <row id="2">  -0.3063522  -0.3063522  0.6936478  0  -0.003029179  0.07345445  0.02751745  -0.05314479  -0.1257414  0 </row>
        <row id="3">  0  0  0  0  0  0  0  0  0  0 </row>
        <row id="4">  -0.003029179  -0.003029179  -0.003029179  0  0.7929669  -0.2584732  -0.2275776  -0.1733272  -0.1245013  0 </row>
        <row id="5">  0.07345445  0.07345445  0.07345445  0  -0.2584732  0.6578305  -0.2919005  -0.2036315  -0.1241887  0 </row>
        <row id="6">  0.02751745  0.02751745  0.02751745  0  -0.2275776  -0.2919005  0.7467326  -0.1854303  -0.1243765  0 </row>
        <row id="7">  -0.05314479  -0.05314479  -0.05314479  0  -0.1733272  -0.2036315  -0.1854303  0.8465296  -0.1247062  0 </row>
        <row id="8">  -0.1257414  -0.1257414  -0.1257414  0  -0.1245013  -0.1241887  -0.1243765  -0.1247062  0.874997  0 </row>
        <row id="9">  0  0  0  0  0  0  0  0  0  0 </row>
      </Chi2WeightAfterSwitch>
    </EcalWeightSet>
  </EcalTBWeight>
</EcalTBWeights>
