<EcalTBWeights>
<EcalWeightGroups>
  <EcalCondHeader>
    <method>method</method>
    <version>V0</version>
    <datasource>data</datasource>
    <since>341</since>
    <tag>cmsecaltag</tag>
    <date>Oct 09 2009</date>
  </EcalCondHeader>
  <EcalTBWeight>
    <EcalXtalGroupId>1</EcalXtalGroupId>
    <EcalTDCId>1</EcalTDCId>
    <EcalWeightSet>
      <WeightBeforeSwitch>
        <row id="0">  -0.3742432  -0.3742432  -0.3742432  0  0.3003047  0.4144494  0.3004877  0.1299253  -0.02243731  0 </row>
        <row id="1">  0.302333  0.302333  0.302333  0  -0.01729768  -0.0713845  -0.01738438  0.06343564  0.1356318  0 </row>
        <row id="2">  0  0  0  0  0  0  0  0  0  0 </row>
      </WeightBeforeSwitch>
      <WeightAfterSwitch>
        <row id="0">  0  0  0  0  0  1  0  0  0  0 </row>
        <row id="1">  0  0  0  0  0  0  0  0  0  0 </row>
        <row id="2">  0  0  0  0  0  0  0  0  0  0 </row>
      </WeightAfterSwitch>
      <Chi2WeightBeforeSwitch>
        <row id="0">  0.697667  -0.302333  -0.302333  0  0.01729768  0.0713845  0.01738438  -0.06343564  -0.1356318  0 </row>
        <row id="1">  -0.302333  0.697667  -0.302333  0  0.01729768  0.0713845  0.01738438  -0.06343564  -0.1356318  0 </row>
        <row id="2">  -0.302333  -0.302333  0.697667  0  0.01729768  0.0713845  0.01738438  -0.06343564  -0.1356318  0 </row>
        <row id="3">  0  0  0  0  0  0  0  0  0  0 </row>
        <row id="4">  0.01729768  0.01729768  0.01729768  0  0.7608158  -0.2825852  -0.2392538  -0.1744012  -0.1164687  0 </row>
        <row id="5">  0.0713845  0.0713845  0.0713845  0  -0.2825852  0.6575173  -0.2826812  -0.1931784  -0.113226  0 </row>
        <row id="6">  0.01738438  0.01738438  0.01738438  0  -0.2392538  -0.2826812  0.7606766  -0.1744313  -0.1164635  0 </row>
        <row id="7">  -0.06343564  -0.06343564  -0.06343564  0  -0.1744012  -0.1931784  -0.1744313  0.8536268  -0.121309  0 </row>
        <row id="8">  -0.1356318  -0.1356318  -0.1356318  0  -0.1164687  -0.113226  -0.1164635  -0.121309  0.8743626  0 </row>
        <row id="9">  0  0  0  0  0  0  0  0  0  0 </row>
      </Chi2WeightBeforeSwitch>
      <Chi2WeightAfterSwitch>
        <row id="0">  0.697667  -0.302333  -0.302333  0  0.01729768  0.0713845  0.01738438  -0.06343564  -0.1356318  0 </row>
        <row id="1">  -0.302333  0.697667  -0.302333  0  0.01729768  0.0713845  0.01738438  -0.06343564  -0.1356318  0 </row>
        <row id="2">  -0.302333  -0.302333  0.697667  0  0.01729768  0.0713845  0.01738438  -0.06343564  -0.1356318  0 </row>
        <row id="3">  0  0  0  0  0  0  0  0  0  0 </row>
        <row id="4">  0.01729768  0.01729768  0.01729768  0  0.7608158  -0.2825852  -0.2392538  -0.1744012  -0.1164687  0 </row>
        <row id="5">  0.0713845  0.0713845  0.0713845  0  -0.2825852  0.6575173  -0.2826812  -0.1931784  -0.113226  0 </row>
        <row id="6">  0.01738438  0.01738438  0.01738438  0  -0.2392538  -0.2826812  0.7606766  -0.1744313  -0.1164635  0 </row>
        <row id="7">  -0.06343564  -0.06343564  -0.06343564  0  -0.1744012  -0.1931784  -0.1744313  0.8536268  -0.121309  0 </row>
        <row id="8">  -0.1356318  -0.1356318  -0.1356318  0  -0.1164687  -0.113226  -0.1164635  -0.121309  0.8743626  0 </row>
        <row id="9">  0  0  0  0  0  0  0  0  0  0 </row>
      </Chi2WeightAfterSwitch>
    </EcalWeightSet>
  </EcalTBWeight>
  <EcalTBWeight>
    <EcalXtalGroupId>2</EcalXtalGroupId>
    <EcalTDCId>1</EcalTDCId>
    <EcalWeightSet>
      <WeightBeforeSwitch>
        <row id="0">  -0.3788557  -0.3788557  -0.3788557  0  0.2873706  0.4155802  0.3069945  0.1375308  -0.01090884  0 </row>
        <row id="1">  0.3046025  0.3046025  0.3046025  0  -0.01123251  -0.07201226  -0.02053554  0.05980138  0.1301715  0 </row>
        <row id="2">  0  0  0  0  0  0  0  0  0  0 </row>
      </WeightBeforeSwitch>
      <WeightAfterSwitch>
        <row id="0">  0  0  0  0  0  1  0  0  0  0 </row>
        <row id="1">  0  0  0  0  0  0  0  0  0  0 </row>
        <row id="2">  0  0  0  0  0  0  0  0  0  0 </row>
      </WeightAfterSwitch>
            <Chi2WeightBeforeSwitch>
        <row id="0">  0.6953975  -0.3046025  -0.3046025  0  0.01123251  0.07201226  0.02053554  -0.05980138  -0.1301715  0 </row>
        <row id="1">  -0.3046025  0.6953975  -0.3046025  0  0.01123251  0.07201226  0.02053554  -0.05980138  -0.1301715  0 </row>
        <row id="2">  -0.3046025  -0.3046025  0.6953975  0  0.01123251  0.07201226  0.02053554  -0.05980138  -0.1301715  0 </row>
        <row id="3">  0  0  0  0  0  0  0  0  0  0 </row>
        <row id="4">  0.01123251  0.01123251  0.01123251  0  0.7716646  -0.2744382  -0.235392  -0.1744546  -0.1210773  0 </row>
        <row id="5">  0.07201226  0.07201226  0.07201226  0  -0.2744382  0.6588903  -0.284643  -0.1965187  -0.1193272  0 </row>
        <row id="6">  0.02053554  0.02053554  0.02053554  0  -0.235392  -0.284643  0.7570696  -0.1778318  -0.1208094  0 </row>
        <row id="7">  -0.05980138  -0.05980138  -0.05980138  0  -0.1744546  -0.1965187  -0.1778318  0.8513318  -0.1231227  0 </row>
        <row id="8">  -0.1301715  -0.1301715  -0.1301715  0  -0.1210773  -0.1193272  -0.1208094  -0.1231227  0.8748511  0 </row>
        <row id="9">  0  0  0  0  0  0  0  0  0  0 </row>
      </Chi2WeightBeforeSwitch>
      <Chi2WeightAfterSwitch>
        <row id="0">  0.6953975  -0.3046025  -0.3046025  0  0.01123251  0.07201226  0.02053554  -0.05980138  -0.1301715  0 </row>
        <row id="1">  -0.3046025  0.6953975  -0.3046025  0  0.01123251  0.07201226  0.02053554  -0.05980138  -0.1301715  0 </row>
        <row id="2">  -0.3046025  -0.3046025  0.6953975  0  0.01123251  0.07201226  0.02053554  -0.05980138  -0.1301715  0 </row>
        <row id="3">  0  0  0  0  0  0  0  0  0  0 </row>
        <row id="4">  0.01123251  0.01123251  0.01123251  0  0.7716646  -0.2744382  -0.235392  -0.1744546  -0.1210773  0 </row>
        <row id="5">  0.07201226  0.07201226  0.07201226  0  -0.2744382  0.6588903  -0.284643  -0.1965187  -0.1193272  0 </row>
        <row id="6">  0.02053554  0.02053554  0.02053554  0  -0.235392  -0.284643  0.7570696  -0.1778318  -0.1208094  0 </row>
        <row id="7">  -0.05980138  -0.05980138  -0.05980138  0  -0.1744546  -0.1965187  -0.1778318  0.8513318  -0.1231227  0 </row>
        <row id="8">  -0.1301715  -0.1301715  -0.1301715  0  -0.1210773  -0.1193272  -0.1208094  -0.1231227  0.8748511  0 </row>
        <row id="9">  0  0  0  0  0  0  0  0  0  0 </row>
      </Chi2WeightAfterSwitch>
    </EcalWeightSet>
  </EcalTBWeight>
</EcalTBWeights>
