<EcalTBWeights>
<EcalWeightGroups>
  <EcalCondHeader>
    <method>method</method>
    <version>V0</version>
    <datasource>data</datasource>
    <since>341</since>
    <tag>cmsecaltag</tag>
    <date>Oct 09 2009</date>
  </EcalCondHeader>
  <EcalTBWeight>
    <EcalXtalGroupId>1</EcalXtalGroupId>
    <EcalTDCId>1</EcalTDCId>
    <EcalWeightSet>
      <WeightBeforeSwitch>
        <row id="0">  -0.3836795  -0.3836795  -0.3836795  0  0.1952224  0.4262376  0.3460808  0.1735474  0.009950358  0 </row>
        <row id="1">  0.3064249  0.3064249  0.3064249  0  0.03268806  -0.07654876  -0.03864618  0.04293716  0.1202949  0 </row>
        <row id="2">  0  0  0  0  0  0  0  0  0  0 </row>
      </WeightBeforeSwitch>
      <WeightAfterSwitch>
        <row id="0">  0  0  0  0  0  1  0  0  0  0 </row>
        <row id="1">  0  0  0  0  0  0  0  0  0  0 </row>
        <row id="2">  0  0  0  0  0  0  0  0  0  0 </row>
      </WeightAfterSwitch>
      <Chi2WeightBeforeSwitch>
        <row id="0">  0.6935751  -0.3064249  -0.3064249  0  -0.03268806  0.07654876  0.03864618  -0.04293716  -0.1202949  0 </row>
        <row id="1">  -0.3064249  0.6935751  -0.3064249  0  -0.03268806  0.07654876  0.03864618  -0.04293716  -0.1202949  0 </row>
        <row id="2">  -0.3064249  -0.3064249  0.6935751  0  -0.03268806  0.07654876  0.03864618  -0.04293716  -0.1202949  0 </row>
        <row id="3">  0  0  0  0  0  0  0  0  0  0 </row>
        <row id="4">  -0.03268806  -0.03268806  -0.03268806  0  0.8280302  -0.2275513  -0.2082658  -0.1667549  -0.127394  0 </row>
        <row id="5">  0.07654876  0.07654876  0.07654876  0  -0.2275513  0.6510953  -0.306798  -0.2161653  -0.130227  0 </row>
        <row id="6">  0.03864618  0.03864618  0.03864618  0  -0.2082658  -0.306798  0.7273903  -0.1990211  -0.129244  0 </row>
        <row id="7">  -0.04293716  -0.04293716  -0.04293716  0  -0.1667549  -0.2161653  -0.1990211  0.837881  -0.1271282  0 </row>
        <row id="8">  -0.1202949  -0.1202949  -0.1202949  0  -0.127394  -0.130227  -0.129244  -0.1271282  0.874878  0 </row>
        <row id="9">  0  0  0  0  0  0  0  0  0  0 </row>
      </Chi2WeightBeforeSwitch>
      <Chi2WeightAfterSwitch>
        <row id="0">  0.6935751  -0.3064249  -0.3064249  0  -0.03268806  0.07654876  0.03864618  -0.04293716  -0.1202949  0 </row>
        <row id="1">  -0.3064249  0.6935751  -0.3064249  0  -0.03268806  0.07654876  0.03864618  -0.04293716  -0.1202949  0 </row>
        <row id="2">  -0.3064249  -0.3064249  0.6935751  0  -0.03268806  0.07654876  0.03864618  -0.04293716  -0.1202949  0 </row>
        <row id="3">  0  0  0  0  0  0  0  0  0  0 </row>
        <row id="4">  -0.03268806  -0.03268806  -0.03268806  0  0.8280302  -0.2275513  -0.2082658  -0.1667549  -0.127394  0 </row>
        <row id="5">  0.07654876  0.07654876  0.07654876  0  -0.2275513  0.6510953  -0.306798  -0.2161653  -0.130227  0 </row>
        <row id="6">  0.03864618  0.03864618  0.03864618  0  -0.2082658  -0.306798  0.7273903  -0.1990211  -0.129244  0 </row>
        <row id="7">  -0.04293716  -0.04293716  -0.04293716  0  -0.1667549  -0.2161653  -0.1990211  0.837881  -0.1271282  0 </row>
        <row id="8">  -0.1202949  -0.1202949  -0.1202949  0  -0.127394  -0.130227  -0.129244  -0.1271282  0.874878  0 </row>
        <row id="9">  0  0  0  0  0  0  0  0  0  0 </row>
      </Chi2WeightAfterSwitch>
    </EcalWeightSet>
  </EcalTBWeight>
  <EcalTBWeight>
    <EcalXtalGroupId>2</EcalXtalGroupId>
    <EcalTDCId>1</EcalTDCId>
    <EcalWeightSet>
      <WeightBeforeSwitch>
        <row id="0">  -0.3833986  -0.3833986  -0.3833986  0  0.1945268  0.4142966  0.3437022  0.177645  0.02002516  0 </row>
        <row id="1">  0.3086155  0.3086155  0.3086155  0  0.03183809  -0.07341308  -0.03960433  0.03992305  0.1154096  0 </row>
        <row id="2">  0  0  0  0  0  0  0  0  0  0 </row>
      </WeightBeforeSwitch>
      <WeightAfterSwitch>
        <row id="0">  0  0  0  0  0  1  0  0  0  0 </row>
        <row id="1">  0  0  0  0  0  0  0  0  0  0 </row>
        <row id="2">  0  0  0  0  0  0  0  0  0  0 </row>
      </WeightAfterSwitch>
            <Chi2WeightBeforeSwitch>
        <row id="0">  0.6913845  -0.3086155  -0.3086155  0  -0.03183809  0.07341308  0.03960433  -0.03992305  -0.1154096  0 </row>
        <row id="1">  -0.3086155  0.6913845  -0.3086155  0  -0.03183809  0.07341308  0.03960433  -0.03992305  -0.1154096  0 </row>
        <row id="2">  -0.3086155  -0.3086155  0.6913845  0  -0.03183809  0.07341308  0.03960433  -0.03992305  -0.1154096  0 </row>
        <row id="3">  0  0  0  0  0  0  0  0  0  0 </row>
        <row id="4">  -0.03183809  -0.03183809  -0.03183809  0  0.827732  -0.2256698  -0.2085161  -0.1681659  -0.1298659  0 </row>
        <row id="5">  0.07341308  0.07341308  0.07341308  0  -0.2256698  0.6605968  -0.3028698  -0.2169333  -0.1353632  0 </row>
        <row id="6">  0.03960433  0.03960433  0.03960433  0  -0.2085161  -0.3028698  0.7274385  -0.2012682  -0.1335974  0 </row>
        <row id="7">  -0.03992305  -0.03992305  -0.03992305  0  -0.1681659  -0.2169333  -0.2012682  0.8355802  -0.1294436  0 </row>
        <row id="8">  -0.1154096  -0.1154096  -0.1154096  0  -0.1298659  -0.1353632  -0.1335974  -0.1294436  0.8744991  0 </row>
        <row id="9">  0  0  0  0  0  0  0  0  0  0 </row>
      </Chi2WeightBeforeSwitch>
      <Chi2WeightAfterSwitch>
        <row id="0">  0.6913845  -0.3086155  -0.3086155  0  -0.03183809  0.07341308  0.03960433  -0.03992305  -0.1154096  0 </row>
        <row id="1">  -0.3086155  0.6913845  -0.3086155  0  -0.03183809  0.07341308  0.03960433  -0.03992305  -0.1154096  0 </row>
        <row id="2">  -0.3086155  -0.3086155  0.6913845  0  -0.03183809  0.07341308  0.03960433  -0.03992305  -0.1154096  0 </row>
        <row id="3">  0  0  0  0  0  0  0  0  0  0 </row>
        <row id="4">  -0.03183809  -0.03183809  -0.03183809  0  0.827732  -0.2256698  -0.2085161  -0.1681659  -0.1298659  0 </row>
        <row id="5">  0.07341308  0.07341308  0.07341308  0  -0.2256698  0.6605968  -0.3028698  -0.2169333  -0.1353632  0 </row>
        <row id="6">  0.03960433  0.03960433  0.03960433  0  -0.2085161  -0.3028698  0.7274385  -0.2012682  -0.1335974  0 </row>
        <row id="7">  -0.03992305  -0.03992305  -0.03992305  0  -0.1681659  -0.2169333  -0.2012682  0.8355802  -0.1294436  0 </row>
        <row id="8">  -0.1154096  -0.1154096  -0.1154096  0  -0.1298659  -0.1353632  -0.1335974  -0.1294436  0.8744991  0 </row>
        <row id="9">  0  0  0  0  0  0  0  0  0  0 </row>
      </Chi2WeightAfterSwitch>
    </EcalWeightSet>
  </EcalTBWeight>
</EcalTBWeights>
