<EcalTBWeights>
<EcalWeightGroups>
  <EcalCondHeader>
    <method>method</method>
    <version>V0</version>
    <datasource>data</datasource>
    <since>341</since>
    <tag>cmsecaltag</tag>
    <date>Oct 09 2009</date>
  </EcalCondHeader>
  <EcalTBWeight>
    <EcalXtalGroupId>1</EcalXtalGroupId>
    <EcalTDCId>1</EcalTDCId>
    <EcalWeightSet>
      <WeightBeforeSwitch>
        <row id="0">  -0.3692936  -0.3692936  -0.3692936  0  -0.02540123  0.4180304  0.4022737  0.2419804  0.07099769  0 </row>
        <row id="1">  0.2933786  0.2933786  0.2933786  0  0.1365816  -0.06559999  -0.05841579  0.01466958  0.09262876  0 </row>
        <row id="2">  0  0  0  0  0  0  0  0  0  0 </row>
      </WeightBeforeSwitch>
      <WeightAfterSwitch>
        <row id="0">  0  0  0  0  0  1  0  0  0  0 </row>
        <row id="1">  0  0  0  0  0  0  0  0  0  0 </row>
        <row id="2">  0  0  0  0  0  0  0  0  0  0 </row>
      </WeightAfterSwitch>
      <Chi2WeightBeforeSwitch>
        <row id="0">  0.7066214  -0.2933786  -0.2933786  0  -0.1365816  0.06559999  0.05841579  -0.01466958  -0.09262876  0 </row>
        <row id="1">  -0.2933786  0.7066214  -0.2933786  0  -0.1365816  0.06559999  0.05841579  -0.01466958  -0.09262876  0 </row>
        <row id="2">  -0.2933786  -0.2933786  0.7066214  0  -0.1365816  0.06559999  0.05841579  -0.01466958  -0.09262876  0 </row>
        <row id="3">  0  0  0  0  0  0  0  0  0  0 </row>
        <row id="4">  -0.1365816  -0.1365816  -0.1365816  0  0.8742034  -0.1118899  -0.1123841  -0.1174111  -0.1227734  0 </row>
        <row id="5">  0.06559999  0.06559999  0.06559999  0  -0.1118899  0.659246  -0.3326217  -0.249891  -0.1616434  0 </row>
        <row id="6">  0.05841579  0.05841579  0.05841579  0  -0.1123841  -0.3326217  0.6752041  -0.2451836  -0.1602622  0 </row>
        <row id="7">  -0.01466958  -0.01466958  -0.01466958  0  -0.1174111  -0.249891  -0.2451836  0.8027058  -0.1462113  0 </row>
        <row id="8">  -0.09262876  -0.09262876  -0.09262876  0  -0.1227734  -0.1616434  -0.1602622  -0.1462113  0.8687765  0 </row>
        <row id="9">  0  0  0  0  0  0  0  0  0  0 </row>
      </Chi2WeightBeforeSwitch>
      <Chi2WeightAfterSwitch>
        <row id="0">  0.7066214  -0.2933786  -0.2933786  0  -0.1365816  0.06559999  0.05841579  -0.01466958  -0.09262876  0 </row>
        <row id="1">  -0.2933786  0.7066214  -0.2933786  0  -0.1365816  0.06559999  0.05841579  -0.01466958  -0.09262876  0 </row>
        <row id="2">  -0.2933786  -0.2933786  0.7066214  0  -0.1365816  0.06559999  0.05841579  -0.01466958  -0.09262876  0 </row>
        <row id="3">  0  0  0  0  0  0  0  0  0  0 </row>
        <row id="4">  -0.1365816  -0.1365816  -0.1365816  0  0.8742034  -0.1118899  -0.1123841  -0.1174111  -0.1227734  0 </row>
        <row id="5">  0.06559999  0.06559999  0.06559999  0  -0.1118899  0.659246  -0.3326217  -0.249891  -0.1616434  0 </row>
        <row id="6">  0.05841579  0.05841579  0.05841579  0  -0.1123841  -0.3326217  0.6752041  -0.2451836  -0.1602622  0 </row>
        <row id="7">  -0.01466958  -0.01466958  -0.01466958  0  -0.1174111  -0.249891  -0.2451836  0.8027058  -0.1462113  0 </row>
        <row id="8">  -0.09262876  -0.09262876  -0.09262876  0  -0.1227734  -0.1616434  -0.1602622  -0.1462113  0.8687765  0 </row>
        <row id="9">  0  0  0  0  0  0  0  0  0  0 </row>
      </Chi2WeightAfterSwitch>
    </EcalWeightSet>
  </EcalTBWeight>
  <EcalTBWeight>
    <EcalXtalGroupId>2</EcalXtalGroupId>
    <EcalTDCId>1</EcalTDCId>
    <EcalWeightSet>
      <WeightBeforeSwitch>
        <row id="0">  -0.3800874  -0.3800874  -0.3800874  0  0.04577363  0.3937422  0.3913867  0.238664  0.07069579  0 </row>
        <row id="1">  0.3043123  0.3043123  0.3043123  0  0.1034056  -0.06075416  -0.05964292  0.01240643  0.09164813  0 </row>
        <row id="2">  0  0  0  0  0  0  0  0  0  0 </row>
      </WeightBeforeSwitch>
      <WeightAfterSwitch>
        <row id="0">  0  0  0  0  0  1  0  0  0  0 </row>
        <row id="1">  0  0  0  0  0  0  0  0  0  0 </row>
        <row id="2">  0  0  0  0  0  0  0  0  0  0 </row>
      </WeightAfterSwitch>
            <Chi2WeightBeforeSwitch>
        <row id="0">  0.6956877  -0.3043123  -0.3043123  0  -0.1034056  0.06075416  0.05964292  -0.01240643  -0.09164813  0 </row>
        <row id="1">  -0.3043123  0.6956877  -0.3043123  0  -0.1034056  0.06075416  0.05964292  -0.01240643  -0.09164813  0 </row>
        <row id="2">  -0.3043123  -0.3043123  0.6956877  0  -0.1034056  0.06075416  0.05964292  -0.01240643  -0.09164813  0 </row>
        <row id="3">  0  0  0  0  0  0  0  0  0  0 </row>
        <row id="4">  -0.1034056  -0.1034056  -0.1034056  0  0.8723994  -0.1473702  -0.1472364  -0.1385596  -0.1290165  0 </row>
        <row id="5">  0.06075416  0.06075416  0.06075416  0  -0.1473702  0.6825726  -0.3162763  -0.2416385  -0.15955  0 </row>
        <row id="6">  0.05964292  0.05964292  0.05964292  0  -0.1472364  -0.3162763  0.684868  -0.2409408  -0.1593434  0 </row>
        <row id="7">  -0.01240643  -0.01240643  -0.01240643  0  -0.1385596  -0.2416385  -0.2409408  0.8043004  -0.1459423  0 </row>
        <row id="8">  -0.09164813  -0.09164813  -0.09164813  0  -0.1290165  -0.15955  -0.1593434  -0.1459423  0.8687966  0 </row>
        <row id="9">  0  0  0  0  0  0  0  0  0  0 </row>
      </Chi2WeightBeforeSwitch>
      <Chi2WeightAfterSwitch>
        <row id="0">  0.6956877  -0.3043123  -0.3043123  0  -0.1034056  0.06075416  0.05964292  -0.01240643  -0.09164813  0 </row>
        <row id="1">  -0.3043123  0.6956877  -0.3043123  0  -0.1034056  0.06075416  0.05964292  -0.01240643  -0.09164813  0 </row>
        <row id="2">  -0.3043123  -0.3043123  0.6956877  0  -0.1034056  0.06075416  0.05964292  -0.01240643  -0.09164813  0 </row>
        <row id="3">  0  0  0  0  0  0  0  0  0  0 </row>
        <row id="4">  -0.1034056  -0.1034056  -0.1034056  0  0.8723994  -0.1473702  -0.1472364  -0.1385596  -0.1290165  0 </row>
        <row id="5">  0.06075416  0.06075416  0.06075416  0  -0.1473702  0.6825726  -0.3162763  -0.2416385  -0.15955  0 </row>
        <row id="6">  0.05964292  0.05964292  0.05964292  0  -0.1472364  -0.3162763  0.684868  -0.2409408  -0.1593434  0 </row>
        <row id="7">  -0.01240643  -0.01240643  -0.01240643  0  -0.1385596  -0.2416385  -0.2409408  0.8043004  -0.1459423  0 </row>
        <row id="8">  -0.09164813  -0.09164813  -0.09164813  0  -0.1290165  -0.15955  -0.1593434  -0.1459423  0.8687966  0 </row>
        <row id="9">  0  0  0  0  0  0  0  0  0  0 </row>
      </Chi2WeightAfterSwitch>
    </EcalWeightSet>
  </EcalTBWeight>
</EcalTBWeights>
