<EcalTBWeights>
<EcalWeightGroups>
  <EcalCondHeader>
    <method>method</method>
    <version>V0</version>
    <datasource>data</datasource>
    <since>341</since>
    <tag>cmsecaltag</tag>
    <date>Oct 09 2009</date>
  </EcalCondHeader>
  <EcalTBWeight>
    <EcalXtalGroupId>1</EcalXtalGroupId>
    <EcalTDCId>1</EcalTDCId>
    <EcalWeightSet>
      <WeightBeforeSwitch>
        <row id="0">  -0.3667372  -0.3667372  -0.3667372  0  0.3641942  0.4072483  0.2705122  0.1014542  -0.04319723  0 </row>
        <row id="1">  0.2958294  0.2958294  0.2958294  0  -0.04464483  -0.0646998  -0.001006929  0.07774176  0.1451216  0 </row>
        <row id="2">  0  0  0  0  0  0  0  0  0  0 </row>
      </WeightBeforeSwitch>
      <WeightAfterSwitch>
        <row id="0">  0  0  0  0  0  1  0  0  0  0 </row>
        <row id="1">  0  0  0  0  0  0  0  0  0  0 </row>
        <row id="2">  0  0  0  0  0  0  0  0  0  0 </row>
      </WeightAfterSwitch>
      <Chi2WeightBeforeSwitch>
        <row id="0">  0.7041706  -0.2958294  -0.2958294  0  0.04464483  0.0646998  0.001006929  -0.07774176  -0.1451216  0 </row>
        <row id="1">  -0.2958294  0.7041706  -0.2958294  0  0.04464483  0.0646998  0.001006929  -0.07774176  -0.1451216  0 </row>
        <row id="2">  -0.2958294  -0.2958294  0.7041706  0  0.04464483  0.0646998  0.001006929  -0.07774176  -0.1451216  0 </row>
        <row id="3">  0  0  0  0  0  0  0  0  0  0 </row>
        <row id="4">  0.04464483  0.04464483  0.04464483  0  0.7065315  -0.3133844  -0.2501332  -0.1719305  -0.1050179  0 </row>
        <row id="5">  0.0646998  0.0646998  0.0646998  0  -0.3133844  0.6643453  -0.2649261  -0.1774785  -0.1026556  0 </row>
        <row id="6">  0.001006929  0.001006929  0.001006929  0  -0.2501332  -0.2649261  0.7820549  -0.1598586  -0.1101579  0 </row>
        <row id="7">  -0.07774176  -0.07774176  -0.07774176  0  -0.1719305  -0.1774785  -0.1598586  0.8619265  -0.1194335  0 </row>
        <row id="8">  -0.1451216  -0.1451216  -0.1451216  0  -0.1050179  -0.1026556  -0.1101579  -0.1194335  0.8726299  0 </row>
        <row id="9">  0  0  0  0  0  0  0  0  0  0 </row>
      </Chi2WeightBeforeSwitch>
      <Chi2WeightAfterSwitch>
        <row id="0">  0.7041706  -0.2958294  -0.2958294  0  0.04464483  0.0646998  0.001006929  -0.07774176  -0.1451216  0 </row>
        <row id="1">  -0.2958294  0.7041706  -0.2958294  0  0.04464483  0.0646998  0.001006929  -0.07774176  -0.1451216  0 </row>
        <row id="2">  -0.2958294  -0.2958294  0.7041706  0  0.04464483  0.0646998  0.001006929  -0.07774176  -0.1451216  0 </row>
        <row id="3">  0  0  0  0  0  0  0  0  0  0 </row>
        <row id="4">  0.04464483  0.04464483  0.04464483  0  0.7065315  -0.3133844  -0.2501332  -0.1719305  -0.1050179  0 </row>
        <row id="5">  0.0646998  0.0646998  0.0646998  0  -0.3133844  0.6643453  -0.2649261  -0.1774785  -0.1026556  0 </row>
        <row id="6">  0.001006929  0.001006929  0.001006929  0  -0.2501332  -0.2649261  0.7820549  -0.1598586  -0.1101579  0 </row>
        <row id="7">  -0.07774176  -0.07774176  -0.07774176  0  -0.1719305  -0.1774785  -0.1598586  0.8619265  -0.1194335  0 </row>
        <row id="8">  -0.1451216  -0.1451216  -0.1451216  0  -0.1050179  -0.1026556  -0.1101579  -0.1194335  0.8726299  0 </row>
        <row id="9">  0  0  0  0  0  0  0  0  0  0 </row>
      </Chi2WeightAfterSwitch>
    </EcalWeightSet>
  </EcalTBWeight>
  <EcalTBWeight>
    <EcalXtalGroupId>2</EcalXtalGroupId>
    <EcalTDCId>1</EcalTDCId>
    <EcalWeightSet>
      <WeightBeforeSwitch>
        <row id="0">  -0.3730834  -0.3730834  -0.3730834  0  0.3455401  0.4106738  0.2802687  0.1116169  -0.02884938  0 </row>
        <row id="1">  0.2995419  0.2995419  0.2995419  0  -0.03665619  -0.0671281  -0.006119849  0.07278154  0.1384968  0 </row>
        <row id="2">  0  0  0  0  0  0  0  0  0  0 </row>
      </WeightBeforeSwitch>
      <WeightAfterSwitch>
        <row id="0">  0  0  0  0  0  1  0  0  0  0 </row>
        <row id="1">  0  0  0  0  0  0  0  0  0  0 </row>
        <row id="2">  0  0  0  0  0  0  0  0  0  0 </row>
      </WeightAfterSwitch>
            <Chi2WeightBeforeSwitch>
        <row id="0">  0.7004581  -0.2995419  -0.2995419  0  0.03665619  0.0671281  0.006119849  -0.07278154  -0.1384968  0 </row>
        <row id="1">  -0.2995419  0.7004581  -0.2995419  0  0.03665619  0.0671281  0.006119849  -0.07278154  -0.1384968  0 </row>
        <row id="2">  -0.2995419  -0.2995419  0.7004581  0  0.03665619  0.0671281  0.006119849  -0.07278154  -0.1384968  0 </row>
        <row id="3">  0  0  0  0  0  0  0  0  0  0 </row>
        <row id="4">  0.03665619  0.03665619  0.03665619  0  0.7252783  -0.302944  -0.2464398  -0.1733634  -0.1124996  0 </row>
        <row id="5">  0.0671281  0.0671281  0.0671281  0  -0.302944  0.6635138  -0.269331  -0.1824798  -0.1101433  0 </row>
        <row id="6">  0.006119849  0.006119849  0.006119849  0  -0.2464398  -0.269331  0.7764998  -0.1642277  -0.1148609  0 </row>
        <row id="7">  -0.07278154  -0.07278154  -0.07278154  0  -0.1733634  -0.1824798  -0.1642277  0.8593776  -0.1209621  0 </row>
        <row id="8">  -0.1384968  -0.1384968  -0.1384968  0  -0.1124996  -0.1101433  -0.1148609  -0.1209621  0.8739563  0 </row>
        <row id="9">  0  0  0  0  0  0  0  0  0  0 </row>
      </Chi2WeightBeforeSwitch>
      <Chi2WeightAfterSwitch>
        <row id="0">  0.7004581  -0.2995419  -0.2995419  0  0.03665619  0.0671281  0.006119849  -0.07278154  -0.1384968  0 </row>
        <row id="1">  -0.2995419  0.7004581  -0.2995419  0  0.03665619  0.0671281  0.006119849  -0.07278154  -0.1384968  0 </row>
        <row id="2">  -0.2995419  -0.2995419  0.7004581  0  0.03665619  0.0671281  0.006119849  -0.07278154  -0.1384968  0 </row>
        <row id="3">  0  0  0  0  0  0  0  0  0  0 </row>
        <row id="4">  0.03665619  0.03665619  0.03665619  0  0.7252783  -0.302944  -0.2464398  -0.1733634  -0.1124996  0 </row>
        <row id="5">  0.0671281  0.0671281  0.0671281  0  -0.302944  0.6635138  -0.269331  -0.1824798  -0.1101433  0 </row>
        <row id="6">  0.006119849  0.006119849  0.006119849  0  -0.2464398  -0.269331  0.7764998  -0.1642277  -0.1148609  0 </row>
        <row id="7">  -0.07278154  -0.07278154  -0.07278154  0  -0.1733634  -0.1824798  -0.1642277  0.8593776  -0.1209621  0 </row>
        <row id="8">  -0.1384968  -0.1384968  -0.1384968  0  -0.1124996  -0.1101433  -0.1148609  -0.1209621  0.8739563  0 </row>
        <row id="9">  0  0  0  0  0  0  0  0  0  0 </row>
      </Chi2WeightAfterSwitch>
    </EcalWeightSet>
  </EcalTBWeight>
</EcalTBWeights>
